# timeInterval, linkID, cellName, groupID, groupSizeOnLink 
1, 10, C2, 1, 1.0014337667119437
1, 10, C2, 0, 1.0014337667119437
1, 0, C1, 1, 8.998566233288056
1, 0, C1, 0, 8.998566233288056
2, 28, C4, 1, 0.3310148904548034
2, 28, C4, 0, 0.3310148904548034
2, 22, C4, 1, 0.3310148904548034
2, 22, C4, 0, 0.3310148904548034
2, 20, C4, 1, 0.3310148904548034
2, 20, C4, 0, 0.3310148904548034
2, 11, C2, 1, 1.0481820580346292E-7
2, 11, C2, 0, 1.0481820580346292E-7
2, 10, C2, 1, 1.0098227572412715
2, 10, C2, 0, 1.0098227572412715
2, 0, C1, 1, 7.997132466576112
2, 0, C1, 0, 7.997132466576112
3, 207, C14, 1, 0.1641842509635906
3, 203, C14, 1, 0.1641842509635906
3, 38, C6, 0, 0.07740010857678094
3, 36, C6, 0, 0.07740010857678094
3, 29, C4, 1, 5.229087038656728E-8
3, 29, C4, 0, 1.0458172415301892E-7
3, 28, C4, 1, 1.0036121159379365
3, 28, C4, 0, 0.0026463364550540296
3, 27, C4, 1, 1.0657723477749402E-10
3, 27, C4, 0, 0.32836844974290463
3, 26, C4, 1, 0.32836844931659576
3, 26, C4, 0, 7.105149363086835E-11
3, 25, C4, 1, 4.7229917451047966E-4
3, 25, C4, 0, 0.07740010857678094
3, 24, C4, 0, 0.10945617313099838
3, 23, C4, 1, 1.0458172401724426E-7
3, 23, C4, 0, 3.486058211193446E-8
3, 22, C4, 1, 0.002646336779933591
3, 22, C4, 0, 0.5031292261965207
3, 21, C4, 1, 0.23172805120691198
3, 21, C4, 0, 2.465107963608652E-8
3, 20, C4, 1, 0.09881454007338096
3, 20, C4, 0, 0.5992974301397269
3, 18, C3, 1, 2.1315443540377877E-10
3, 18, C3, 0, 0.10945617313099838
3, 15, C3, 1, 2.1315443540377877E-10
3, 15, C3, 0, 0.10945617313099838
3, 11, C2, 1, 1.0035069796089869E-13
3, 11, C2, 0, 5.017534899673708E-14
3, 10, C2, 1, 2.0076507497465617
3, 10, C2, 0, 0.008857614674665996
3, 0, C1, 1, 5.9983387973007325
3, 0, C1, 0, 7.997131828685129
4, 207, C14, 1, 0.5730475036432768
4, 206, C14, 1, 1.9644673443296357E-8
4, 205, C14, 1, 0.054728077106305464
4, 204, C14, 1, 0.038700047591105464
4, 203, C14, 1, 0.6985316931243586
4, 202, C14, 1, 1.3891403414202962E-8
4, 200, C13, 1, 0.054728077106305464
4, 199, C13, 1, 0.054728077106305464
4, 50, C8, 0, 0.018244063409848136
4, 48, C8, 0, 0.018244063409848136
4, 41, C6, 0, 0.018244063409848136
4, 40, C6, 0, 0.025800033105281613
4, 39, C6, 0, 9.260936104059371E-9
4, 38, C6, 0, 0.24726360787536966
4, 37, C6, 0, 6.548716617050516E-9
4, 36, C6, 0, 0.2699315196738896
4, 34, C5, 0, 0.025800033105281613
4, 33, C5, 0, 0.025800033105281613
4, 32, C5, 0, 0.05472807672212645
4, 30, C5, 0, 0.05472807672212645
4, 29, C4, 1, 2.3106915751689617E-14
4, 29, C4, 0, 2.756955938045533E-10
4, 28, C4, 1, 2.215018291669099
4, 28, C4, 0, 1.921184706689409E-4
4, 27, C4, 0, 0.11547964353232335
4, 26, C4, 1, 0.11591765488382316
4, 25, C4, 1, 1.1995512251802937E-4
4, 25, C4, 0, 0.005619174117910921
4, 24, C4, 0, 0.007946558890387598
4, 23, C4, 1, 2.756956224162299E-10
4, 23, C4, 0, 1.8814765954082626E-14
4, 22, C4, 1, 1.921188121439456E-4
4, 22, C4, 0, 0.04091641847335388
4, 21, C4, 1, 0.14447811037526723
4, 21, C4, 0, 7.923792284820284E-15
4, 20, C4, 1, 0.03401226725052389
4, 20, C4, 0, 0.21067037625994128
4, 19, C3, 1, 2.1315435889190414E-10
4, 19, C3, 0, 1.9644673305396518E-8
4, 18, C3, 0, 0.7537268768197217
4, 17, C3, 0, 4.207217708236034E-11
4, 16, C3, 0, 0.10945613384165881
4, 11, C2, 1, 7.04542512950396E-14
4, 11, C2, 0, 1.554196142652629E-16
4, 10, C2, 1, 1.7342828642641126
4, 10, C2, 0, 1.970814145483279E-4
4, 0, C1, 1, 4.281515069547623
4, 0, C1, 0, 7.997011775759617
5, 207, C14, 1, 3.629744525172337E-4
5, 206, C14, 1, 1.466991351204641E-11
5, 205, C14, 1, 0.3604085188592827
5, 204, C14, 1, 2.455830645487186E-5
5, 203, C14, 1, 2.890360992354635
5, 199, C13, 1, 0.30568045158984974
5, 198, C13, 1, 9.822334955007164E-9
5, 197, C13, 1, 0.05472805746163907
5, 196, C13, 1, 2.103608490530599E-11
5, 189, C17, 1, 0.02736403363146721
5, 185, C17, 1, 0.02736403363146721
5, 64, C10, 0, 0.0032252460537116907
5, 62, C10, 0, 0.0032252460537116907
5, 60, C10, 0, 0.0032252460537116907
5, 53, C8, 0, 0.0032252460537116907
5, 52, C8, 0, 0.006081353742314287
5, 51, C8, 0, 2.1829052778318214E-9
5, 50, C8, 0, 0.10833878413339645
5, 49, C8, 0, 1.1577038487279718E-9
5, 48, C8, 0, 0.11368186217069398
5, 46, C7, 0, 0.006081353742314287
5, 45, C7, 0, 0.006081353742314287
5, 44, C7, 0, 0.032250034411880735
5, 42, C7, 0, 0.032250034411880735
5, 41, C6, 0, 3.888826628076974E-8
5, 40, C6, 0, 1.0840004214639024E-7
5, 39, C6, 0, 3.8910251603260684E-14
5, 38, C6, 0, 0.07486739203783031
5, 37, C6, 0, 1.2296854829745476E-14
5, 36, C6, 0, 0.1539213375155974
5, 35, C5, 0, 1.157616762828892E-8
5, 34, C5, 0, 0.32023563130647603
5, 32, C5, 0, 2.98331687322201E-7
5, 31, C5, 0, 2.4792195157486645E-11
5, 30, C5, 0, 0.8729500178930799
5, 29, C4, 0, 3.228806876842531E-11
5, 28, C4, 1, 1.927001792137115
5, 28, C4, 0, 8.795289432284822E-6
5, 27, C4, 0, 0.03774187855820711
5, 26, C4, 1, 0.03799880102043842
5, 25, C4, 1, 4.2032642941840596E-5
5, 25, C4, 0, 2.572489444715752E-4
5, 24, C4, 0, 3.8429677967628275E-4
5, 23, C4, 1, 3.2288126157849516E-11
5, 23, C4, 0, 2.467721092332962E-15
5, 22, C4, 1, 8.795817828881805E-6
5, 22, C4, 0, 0.001873595824612477
5, 21, C4, 1, 0.06990359508785758
5, 20, C4, 1, 0.01106213688446086
5, 20, C4, 0, 0.06871431360858311
5, 18, C3, 0, 0.12231003368399418
5, 16, C3, 0, 0.03205649025865322
5, 15, C3, 0, 9.401133420977403E-11
5, 11, C2, 1, 1.03610763390761E-13
5, 10, C2, 1, 1.402971388540992
5, 10, C2, 0, 2.145446265406479E-4
5, 4, C1, 1, 2.6151947707317596E-11
5, 4, C1, 0, 0.08533214977750278
5, 0, C1, 1, 2.8847176149422817
5, 0, C1, 0, 7.911465081355574
6, 207, C14, 1, 2.564437258449592E-5
6, 206, C14, 1, 3.6169793983376776E-15
6, 205, C14, 1, 0.3607688942616886
6, 204, C14, 1, 1.8509976201453792E-6
6, 203, C14, 1, 4.820048246756557
6, 202, C14, 1, 1.7697662179813383E-10
6, 200, C13, 1, 1.5189605661796852E-17
6, 198, C13, 1, 2.272031307549591E-9
6, 197, C13, 1, 0.01602802377314448
6, 189, C17, 1, 0.19043291944058535
6, 188, C17, 1, 3.2741112599210404E-9
6, 187, C17, 1, 0.009121343452451984
6, 186, C17, 1, 0.006450006000010546
6, 185, C17, 1, 0.18020424585188374
6, 184, C17, 1, 2.315233208932165E-9
6, 183, C21, 1, 0.006450006000010546
6, 179, C21, 1, 0.006450006000010546
6, 82, C15, 0, 0.0010750818892701513
6, 80, C15, 0, 0.0010750818892701513
6, 79, C12, 0, 5.7016969702965E-4
6, 74, C12, 0, 5.7016969702965E-4
6, 72, C12, 0, 5.7016969702965E-4
6, 69, C10, 0, 5.7016969702965E-4
6, 68, C10, 0, 8.063114410714387E-4
6, 67, C10, 0, 0.0010750818892701513
6, 66, C10, 0, 8.063114410714387E-4
6, 65, C10, 0, 3.8590123673617006E-10
6, 64, C10, 0, 0.028823192510837713
6, 63, C10, 0, 2.8942593620959313E-10
6, 62, C10, 0, 0.028823192510837713
6, 61, C10, 0, 2.046627270250103E-10
6, 60, C10, 0, 0.029767759571768075
6, 58, C9, 0, 8.063114410714387E-4
6, 57, C9, 0, 8.063114410714387E-4
6, 56, C9, 0, 0.01444321144030015
6, 54, C9, 0, 0.01444321144030015
6, 53, C8, 0, 1.0346100839042201E-8
6, 52, C8, 0, 5.046441575602782E-8
6, 51, C8, 0, 1.8114229851495354E-14
6, 50, C8, 0, 0.054421454213407376
6, 49, C8, 0, 3.4525536126085222E-15
6, 48, C8, 0, 0.08771508224779795
6, 47, C7, 0, 5.184398707560458E-9
6, 46, C7, 0, 0.14381401286629425
6, 44, C7, 0, 3.364598476609875E-7
6, 43, C7, 0, 1.1103210376632986E-11
6, 42, C7, 0, 0.9528694819943806
6, 41, C6, 0, 4.171468712774331E-11
6, 40, C6, 0, 1.2546025567297482E-5
6, 39, C6, 0, 9.644709926822678E-15
6, 38, C6, 0, 1.0306663325265496E-4
6, 36, C6, 0, 0.09334365000694708
6, 34, C5, 0, 0.07491775737659774
6, 32, C5, 0, 5.188847749752429E-8
6, 30, C5, 0, 0.40075742562018657
6, 29, C4, 0, 2.588820641304131E-12
6, 28, C4, 1, 1.4745367289034115
6, 27, C4, 0, 0.011392367016074063
6, 26, C4, 1, 0.011511372685683577
6, 25, C4, 1, 1.528860598849379E-5
6, 25, C4, 0, 3.184147265268184E-6
6, 24, C4, 0, 9.546069590048887E-6
6, 23, C4, 0, 1.9791987429995509E-16
6, 22, C4, 1, 8.572966262609842E-10
6, 22, C4, 0, 2.3190784650805264E-5
6, 21, C4, 1, 0.028794570212178575
6, 20, C4, 1, 0.003336554453483497
6, 20, C4, 0, 0.020939485389704797
6, 18, C3, 0, 0.028457878415062532
6, 16, C3, 0, 0.029570188838770356
6, 14, C3, 0, 7.244308218268541E-9
6, 11, C2, 1, 1.4822389234315122E-13
6, 10, C2, 1, 1.0569311092811895
6, 10, C2, 0, 4.0289894750999863E-4
6, 5, C1, 1, 1.1064448396845911E-15
6, 4, C1, 1, 5.767456483373037E-11
6, 4, C1, 0, 0.2873511853754428
6, 0, C1, 1, 1.8288923101412091
6, 0, C1, 0, 7.6888612281741295
7, 207, C14, 1, 6.391815557806157E-6
7, 206, C14, 1, 1.0139525262149293E-18
7, 205, C14, 1, 0.3607895402430172
7, 204, C14, 1, 3.343085212477374E-9
7, 203, C14, 1, 6.300250351597194
7, 199, C13, 1, 6.912101499048411E-12
7, 198, C13, 1, 2.960890306868113E-11
7, 197, C13, 1, 0.0046940738956949375
7, 189, C17, 1, 0.20176679686412305
7, 188, C17, 1, 1.1576161889255424E-9
7, 187, C17, 1, 1.157616188938257E-9
7, 186, C17, 1, 0.051966589072848034
7, 185, C17, 1, 0.05277582087024382
7, 183, C21, 1, 0.04551658538806986
7, 182, C21, 1, 5.788082502921562E-10
7, 181, C21, 1, 0.002280506712109158
7, 180, C21, 1, 0.001612501355300574
7, 179, C21, 1, 0.04740557714527296
7, 178, C21, 1, 8.18589141321604E-10
7, 177, C22, 1, 0.002280506712109158
7, 168, C23, 1, 0.001612501355300574
7, 165, C23, 1, 0.001612501355300574
7, 159, C23, 1, 0.001612501355300574
7, 94, C19, 0, 2.534087163349004E-4
7, 92, C19, 0, 2.534087163349004E-4
7, 90, C16, 0, 3.5836058687880706E-4
7, 89, C16, 0, 3.5836058687880706E-4
7, 88, C16, 0, 2.8508479723957303E-4
7, 86, C16, 0, 2.8508479723957303E-4
7, 85, C15, 0, 2.534087163349004E-4
7, 84, C15, 0, 3.5836058687880706E-4
7, 83, C15, 0, 1.286337301876739E-10
7, 82, C15, 0, 0.014696681103931788
7, 81, C15, 0, 9.096119840671046E-11
7, 80, C15, 0, 0.01501153675323604
7, 79, C12, 0, 1.6801853726969623E-11
7, 77, C12, 0, 2.191587717187749E-13
7, 76, C12, 0, 0.0011403385745323456
7, 74, C12, 0, 1.6801853726969623E-11
7, 73, C12, 0, 1.0233134510722519E-10
7, 72, C12, 0, 0.021856086459311697
7, 70, C11, 0, 0.011017741064646317
7, 69, C10, 0, 2.8160583486642437E-15
7, 68, C10, 0, 0.02227454371591802
7, 67, C10, 0, 3.1485564930428857E-4
7, 66, C10, 0, 0.02251068545995981
7, 65, C10, 0, 1.856869299460279E-15
7, 64, C10, 0, 0.031013123680655504
7, 63, C10, 0, 7.75694202159322E-9
7, 62, C10, 0, 1.113217783953329E-8
7, 61, C10, 0, 2.7121687494906608E-15
7, 60, C10, 0, 0.03973110820057398
7, 59, C9, 0, 1.846617772818457E-6
7, 58, C9, 0, 4.770446080095635E-5
7, 57, C9, 0, 1.1876920889065797E-14
7, 56, C9, 0, 1.370015126113516E-4
7, 55, C9, 0, 8.469882021854145E-12
7, 54, C9, 0, 0.8224479298304999
7, 53, C8, 0, 3.99590462258694E-15
7, 52, C8, 0, 0.05442154617084273
7, 50, C8, 0, 2.369753084740419E-8
7, 48, C8, 0, 0.09170775245725404
7, 47, C7, 0, 4.917676846676124E-11
7, 46, C7, 0, 1.2482462498575157E-5
7, 44, C7, 0, 0.026005553587687517
7, 42, C7, 0, 0.6114233304664307
7, 40, C6, 0, 1.0310126370934727E-4
7, 38, C6, 0, 5.309531578863078E-9
7, 36, C6, 0, 0.042129062619767454
7, 35, C5, 0, 1.9991754163428327E-11
7, 32, C5, 0, 1.0563901763389145E-4
7, 30, C5, 0, 0.16663079702767028
7, 28, C4, 1, 1.0796568354004312
7, 27, C4, 0, 0.0033498904563829127
7, 26, C4, 1, 0.003400146790124749
7, 25, C4, 1, 4.982438948093412E-6
7, 24, C4, 0, 0.008067471259061213
7, 22, C4, 1, 7.995428088641854E-10
7, 21, C4, 1, 0.010817423190868682
7, 20, C4, 1, 9.811035674286072E-4
7, 20, C4, 0, 0.006560066024725726
7, 19, C3, 0, 7.921985937770464E-14
7, 18, C3, 0, 1.3521392123990324E-6
7, 16, C3, 0, 0.09962770907874197
7, 15, C3, 0, 1.039455298212765E-15
7, 14, C3, 0, 1.9004732532628817E-4
7, 11, C2, 1, 1.3271829920359427E-13
7, 10, C2, 1, 0.7349999866502703
7, 10, C2, 0, 3.0892184119736883
7, 5, C1, 1, 3.0949501939915252E-15
7, 5, C1, 0, 1.444773595697117E-13
7, 4, C1, 1, 5.592066051505779E-10
7, 4, C1, 0, 0.19672980588014463
7, 0, C1, 1, 1.0939553173116836
7, 0, C1, 0, 4.599106561929442
8, 207, C14, 1, 2.5605214435902742E-6
8, 205, C14, 1, 0.36079337155298613
8, 204, C14, 1, 2.364145593521301E-11
8, 203, C14, 1, 7.3822027953792215
8, 198, C13, 1, 5.872937368619174E-14
8, 197, C13, 1, 0.001374737774919192
8, 189, C17, 1, 0.205086059369086
8, 188, C17, 1, 9.326714547951817E-9
8, 187, C17, 1, 9.326714547951883E-9
8, 186, C17, 1, 0.06440641707987382
8, 185, C17, 1, 0.01545627993034294
8, 184, C17, 1, 4.465289538561764E-9
8, 183, C21, 1, 0.012439845888696288
8, 182, C21, 1, 1.4691645900516155E-16
8, 181, C21, 1, 1.2611566996388834E-8
8, 179, C21, 1, 0.026323359248641896
8, 177, C22, 1, 0.0351345525290564
8, 176, C22, 1, 4.092944972025593E-10
8, 175, C24, 1, 5.375003231428331E-4
8, 174, C24, 1, 0.0011402531514073304
8, 173, C24, 1, 5.375003231428331E-4
8, 171, C24, 1, 0.0011402531514073304
8, 169, C23, 1, 2.894039693235067E-10
8, 167, C23, 1, 8.062502435443331E-4
8, 166, C23, 1, 1.9293603726105408E-10
8, 165, C23, 1, 0.02389853747169477
8, 164, C23, 1, 1.9293603726105408E-10
8, 163, C23, 1, 8.062502435443331E-4
8, 162, C23, 1, 1.364315031485334E-10
8, 161, C23, 1, 5.375003231428331E-4
8, 160, C23, 1, 3.8008439517173544E-4
8, 159, C23, 1, 0.024370785368617136
8, 158, C23, 1, 1.364315031485334E-10
8, 151, C25, 1, 3.8008439517173544E-4
8, 149, C25, 1, 3.8008439517173544E-4
8, 106, C29, 0, 5.9731242945685556E-5
8, 104, C29, 0, 5.9731242945685556E-5
8, 103, C20, 0, 8.446956200483486E-5
8, 102, C20, 0, 2.7997672456022614E-4
8, 100, C20, 0, 8.446956200483486E-5
8, 98, C20, 0, 2.7997672456022614E-4
8, 97, C19, 0, 5.9731242945685556E-5
8, 96, C19, 0, 8.446956200483486E-5
8, 95, C19, 0, 3.032039584106256E-11
8, 94, C19, 0, 0.005486758320087411
8, 93, C19, 0, 2.1440562579076703E-11
8, 92, C19, 0, 0.0055609732861446924
8, 91, C16, 0, 1.0049779960341579E-10
8, 90, C16, 0, 0.015235169137119914
8, 88, C16, 0, 2.8944736082611484E-10
8, 87, C16, 0, 2.152319438237218E-13
8, 86, C16, 0, 0.023104302034480523
8, 85, C15, 0, 1.9694749232838642E-9
8, 84, C15, 0, 5.275379885376284E-9
8, 83, C15, 0, 1.893600517633001E-15
8, 82, C15, 0, 0.023465589862786025
8, 81, C15, 0, 6.838575392494926E-16
8, 80, C15, 0, 0.027861968593250422
8, 79, C12, 0, 2.1598161655486455E-11
8, 76, C12, 0, 0.0113517003459569
8, 74, C12, 0, 3.8721704205885433E-11
8, 72, C12, 0, 0.05036973461433701
8, 70, C11, 0, 0.5815288386180772
8, 69, C10, 0, 3.619938873060428E-15
8, 68, C10, 0, 7.725389078979487E-7
8, 67, C10, 0, 9.221072449291603E-5
8, 66, C10, 0, 0.006953349385191858
8, 65, C10, 0, 1.9979506857654352E-15
8, 64, C10, 0, 0.11901626260364973
8, 63, C10, 0, 4.9736921933617646E-11
8, 62, C10, 0, 9.149368250898212E-11
8, 61, C10, 0, 1.6902504571505206E-12
8, 60, C10, 0, 0.011890809384964948
8, 59, C9, 0, 9.74665752714429E-5
8, 58, C9, 0, 2.2507629730794193E-16
8, 56, C9, 0, 0.431374118245197
8, 55, C9, 0, 3.498125360584947E-11
8, 54, C9, 0, 0.24179318486842
8, 53, C8, 0, 1.533470964967892E-14
8, 52, C8, 0, 0.02600557573337905
8, 50, C8, 0, 1.0730451629676103E-8
8, 48, C8, 0, 0.056752098783430426
8, 47, C7, 0, 7.230003943744368E-5
8, 44, C7, 0, 0.11757838933119517
8, 43, C7, 0, 2.5952115889822562E-11
8, 42, C7, 0, 0.17931734018557322
8, 40, C6, 0, 1.0562664364092941E-4
8, 38, C6, 0, 4.560477898670692E-9
8, 36, C6, 0, 0.02504322919004892
8, 35, C5, 0, 9.038831826883469E-11
8, 32, C5, 0, 1.5056056442443476E-4
8, 30, C5, 0, 0.11910147167739055
8, 28, C4, 1, 0.6569998240337354
8, 27, C4, 0, 9.8130932140298E-4
8, 26, C4, 1, 0.0010010132343780903
8, 25, C4, 1, 1.481582559883089E-6
8, 24, C4, 0, 0.0025590104862595084
8, 23, C4, 0, 1.8167041065338767E-12
8, 22, C4, 1, 5.039207444422342E-10
8, 22, C4, 0, 9.780364740293795E-7
8, 21, C4, 1, 0.00386105117201987
8, 20, C4, 1, 2.874022564364591E-4
8, 20, C4, 0, 2.3608028916104806
8, 19, C3, 0, 1.1556861403587877E-13
8, 18, C3, 0, 3.184735930862606E-8
8, 16, C3, 0, 0.1622354477253435
8, 15, C3, 0, 2.448263890655514E-17
8, 14, C3, 0, 2.845396292729734E-4
8, 11, C2, 1, 1.176318940718441E-14
8, 10, C2, 1, 0.82723400129692
8, 10, C2, 0, 3.8470612296518354
8, 5, C1, 1, 8.951774023902706E-15
8, 5, C1, 0, 3.0786180591299357E-14
8, 4, C1, 1, 5.69657790613914E-10
8, 4, C1, 0, 0.06391093229380791
8, 0, C1, 1, 0.3524785763728946
8, 0, C1, 0, 1.4818580867816706
9, 207, C14, 1, 1.2940222687533658E-6
9, 205, C14, 1, 0.360794638051775
9, 204, C14, 1, 1.7216274345763213E-13
9, 203, C14, 1, 8.004145327535182
9, 199, C13, 1, 4.5461044248077397E-13
9, 198, C13, 1, 1.2525361508211239E-16
9, 197, C13, 1, 4.026148696813344E-4
9, 189, C17, 1, 0.20605810830965218
9, 188, C17, 1, 1.1559355306507389E-8
9, 187, C17, 1, 1.1559355306507389E-8
9, 186, C17, 1, 0.06986537738030849
9, 185, C17, 1, 0.004526629531214847
9, 183, C21, 1, 0.00545897876077709
9, 182, C21, 1, 8.497605344881964E-22
9, 181, C21, 1, 3.119279538413876E-6
9, 180, C21, 1, 4.7815612782304295E-12
9, 179, C21, 1, 0.007720925745637815
9, 178, C21, 1, 1.1196670850336527E-12
9, 177, C22, 1, 0.018611005489433494
9, 175, C24, 1, 1.9979022523074077E-11
9, 173, C24, 1, 0.025988992091743397
9, 172, C24, 1, 2.41180866312739E-10
9, 171, C24, 1, 0.03600598218730961
9, 170, C24, 1, 5.165269973514491E-13
9, 168, C23, 1, 2.232644367718119E-9
9, 167, C23, 1, 2.36123821326017E-4
9, 166, C23, 1, 3.079217859259409E-15
9, 165, C23, 1, 0.006219921825634777
9, 164, C23, 1, 4.8972145639656246E-17
9, 163, C23, 1, 6.821571484516404E-11
9, 162, C23, 1, 1.144849705523174E-15
9, 160, C23, 1, 3.092967707036897E-9
9, 159, C23, 1, 0.013357312500590449
9, 157, C26, 1, 6.719055466219716E-4
9, 156, C26, 1, 1.266947832315244E-4
9, 155, C26, 1, 1.266947832315244E-4
9, 153, C26, 1, 6.719055466219716E-4
9, 151, C25, 1, 0.009288570963104285
9, 150, C25, 1, 4.547716227482698E-11
9, 149, C25, 1, 0.009399885012970252
9, 148, C25, 1, 3.215841734993931E-11
9, 147, C25, 1, 1.266947832315244E-4
9, 146, C25, 1, 8.959010438245194E-5
9, 136, C27, 1, 8.959010438245194E-5
9, 134, C27, 1, 8.959010438245194E-5
9, 119, C31, 0, 1.9910409550660198E-5
9, 117, C31, 0, 1.9910409550660198E-5
9, 116, C31, 0, 1.4122519284871424E-4
9, 114, C31, 0, 1.4122519284871424E-4
9, 112, C29, 0, 7.58066552145815E-12
9, 109, C29, 0, 2.1118968883497365E-5
9, 108, C29, 0, 1.9910409550660198E-5
9, 107, C29, 0, 7.146852482781143E-12
9, 106, C29, 0, 0.00200840920874705
9, 105, C29, 0, 7.58066552145815E-12
9, 104, C29, 0, 0.00202590249876441
9, 103, C20, 0, 4.479090951467099E-12
9, 102, C20, 0, 5.864468147411716E-9
9, 101, C20, 0, 5.0692860816045435E-11
9, 100, C20, 0, 0.005826464191700948
9, 99, C20, 0, 1.0856678469059735E-13
9, 98, C20, 0, 0.031739445297714344
9, 97, C19, 0, 7.209195925102614E-10
9, 96, C19, 0, 1.9694742148257226E-9
9, 95, C19, 0, 7.069438549813222E-16
9, 94, C19, 0, 0.009851063358500407
9, 93, C19, 0, 2.533327246775903E-16
9, 92, C19, 0, 0.011479687068235982
9, 90, C16, 0, 0.023461657576452827
9, 88, C16, 0, 2.8813545199710454E-9
9, 86, C16, 0, 0.06516335928003301
9, 85, C15, 0, 7.573001242964827E-12
9, 84, C15, 0, 3.932268294040669E-6
9, 83, C15, 0, 3.0229289591560476E-15
9, 82, C15, 0, 2.648553498462179E-4
9, 80, C15, 0, 0.1318281942510621
9, 79, C12, 0, 6.463943115166801E-12
9, 76, C12, 0, 0.5848529492732938
9, 74, C12, 0, 6.464537004001031E-12
9, 72, C12, 0, 0.008408387662986712
9, 70, C11, 0, 0.17095134277748453
9, 69, C10, 0, 1.0833828975393233E-15
9, 68, C10, 0, 9.222287663933357E-4
9, 67, C10, 0, 2.7005447513158695E-5
9, 66, C10, 0, 0.43265074572913087
9, 64, C10, 0, 0.0659955365821996
9, 63, C10, 0, 1.5454589981560746E-7
9, 62, C10, 0, 5.0734030282652296E-11
9, 61, C10, 0, 5.058617015504307E-13
9, 60, C10, 0, 0.0036237615953700767
9, 59, C9, 0, 2.86521335006721E-5
9, 58, C9, 0, 7.086954576720559E-13
9, 56, C9, 0, 0.12650912577305154
9, 55, C9, 0, 1.0284676018351913E-11
9, 54, C9, 0, 0.07108412921742512
9, 53, C8, 0, 8.503227790247913E-15
9, 52, C8, 0, 0.11765069992018147
9, 50, C8, 0, 6.394532628952041E-9
9, 48, C8, 0, 0.03443532038073888
9, 47, C7, 0, 2.120343895409412E-5
9, 44, C7, 0, 0.08404063469124075
9, 43, C7, 0, 7.610986099858524E-12
9, 42, C7, 0, 0.0526960576119734
9, 40, C6, 0, 1.5053998406732406E-4
9, 38, C6, 0, 5.675159493240805E-7
9, 36, C6, 0, 1.5883764718035087
9, 35, C5, 0, 6.460618893655215E-11
9, 32, C5, 0, 2.45170516040549E-4
9, 30, C5, 0, 0.14935777349203927
9, 28, C4, 1, 0.702095929288572
9, 27, C4, 0, 3.251269141667305E-4
9, 26, C4, 1, 3.330562209131193E-4
9, 25, C4, 1, 2.886088571340692E-7
9, 24, C4, 0, 0.0010797194871208905
9, 22, C4, 1, 1.5324343985533945E-10
9, 22, C4, 0, 4.720012082698638E-7
9, 21, C4, 1, 0.0014711332211198734
9, 20, C4, 1, 9.522197203441088E-5
9, 20, C4, 0, 3.323506241766408
9, 19, C3, 0, 8.028449876432305E-14
9, 18, C3, 0, 4.768199605181723E-8
9, 16, C3, 0, 0.11097167417313132
9, 15, C3, 0, 3.665550667380513E-17
9, 14, C3, 0, 5.789186241355219E-5
9, 10, C2, 1, 0.5137481605567293
9, 10, C2, 0, 2.777615856174103
9, 5, C1, 1, 3.4973340009957965E-15
9, 5, C1, 0, 8.089860587225572E-16
9, 4, C1, 1, 1.8911688319635841E-10
9, 4, C1, 0, 0.0012193813981064955
9, 0, C1, 1, 0.002176947015746561
9, 0, C1, 0, 0.009152120883416269
10, 207, C14, 1, 7.826010452017158E-14
10, 205, C14, 1, 0.36079520471790705
10, 204, C14, 1, 1.7216274345830369E-13
10, 203, C14, 1, 8.611540274276424
10, 198, C13, 1, 3.668260873704814E-17
10, 197, C13, 1, 1.1791247483400689E-4
10, 189, C17, 1, 0.2063427366376604
10, 188, C17, 1, 1.2539103359229984E-8
10, 187, C17, 1, 1.2539103359229984E-8
10, 186, C17, 1, 0.07305943805441699
10, 185, C17, 1, 0.0013256990042399832
10, 184, C17, 1, 1.1465147007333614E-9
10, 183, C21, 1, 6.840615467602339E-6
10, 182, C21, 1, 4.0104607856631085E-19
10, 181, C21, 1, 9.149183538866549E-7
10, 179, C21, 1, 0.002261216436966495
10, 177, C22, 1, 0.005458808887234941
10, 175, C24, 1, 4.909099930405901E-12
10, 174, C24, 1, 6.680428288134465E-9
10, 173, C24, 1, 0.006385822555617193
10, 171, C24, 1, 0.029155950792261957
10, 167, C23, 1, 6.91527964723462E-5
10, 166, C23, 1, 3.7413748002309836E-13
10, 165, C23, 1, 1.1666277651219087E-5
10, 163, C23, 1, 1.1424022492861515E-15
10, 162, C23, 1, 6.084986929520559E-16
10, 161, C23, 1, 1.070289577153557E-6
10, 160, C23, 1, 3.6305732219228366E-12
10, 159, C23, 1, 0.009362334727743327
10, 156, C26, 1, 7.2094532612719704E-12
10, 155, C26, 1, 0.010050062998905781
10, 154, C26, 1, 1.0801207667637322E-10
10, 153, C26, 1, 0.05177347730329741
10, 152, C26, 1, 2.313249574740196E-13
10, 151, C25, 1, 0.0047227005228597544
10, 150, C25, 1, 1.1543277481064742E-17
10, 149, C25, 1, 0.007475613445441727
10, 148, C25, 1, 1.632404074640679E-17
10, 147, C25, 1, 3.215840578193593E-11
10, 145, C28, 1, 3.0091074192803647E-4
10, 144, C28, 1, 4.479503611202307E-5
10, 143, C28, 1, 4.479503611202307E-5
10, 141, C28, 1, 3.0091074192803647E-4
10, 139, C27, 1, 3.167606320268191E-5
10, 138, C27, 1, 1.607920290333091E-11
10, 137, C27, 1, 1.607920290333091E-11
10, 136, C27, 1, 0.006773661942582971
10, 135, C27, 1, 1.13701403463754E-11
10, 134, C27, 1, 2.6240341169365724E-5
10, 132, C32, 0, 1.1977540783488836E-4
10, 119, C31, 0, 0.0010853764896070037
10, 118, C31, 0, 4.299344866226077E-11
10, 116, C31, 0, 1.0147702151522538E-8
10, 115, C31, 0, 9.207727496303575E-14
10, 114, C31, 0, 0.028331744349405295
10, 113, C29, 1, 3.167606320268191E-5
10, 113, C29, 0, 7.58066280037506E-12
10, 112, C29, 0, 5.213730023834105E-10
10, 111, C29, 1, 1.13701403463754E-11
10, 109, C29, 0, 5.213730023834105E-10
10, 108, C29, 0, 0.0010853764896070037
10, 106, C29, 0, 2.913840853251198E-9
10, 105, C29, 0, 1.1012966985380508E-12
10, 104, C29, 0, 0.008710985780149219
10, 103, C20, 0, 3.7864996047102486E-12
10, 102, C20, 0, 1.6540142364213636E-8
10, 100, C20, 0, 0.0049255316754637036
10, 98, C20, 0, 0.0788362416198165
10, 96, C19, 0, 0.0049255316754637036
10, 95, C19, 0, 3.7864996047102486E-12
10, 94, C19, 0, 3.3462809499241645E-8
10, 92, C19, 0, 0.09658602691960294
10, 90, C16, 0, 1.3242767482130524E-4
10, 88, C16, 0, 1.4845077035300865E-7
10, 86, C16, 0, 0.44106142060004805
10, 84, C15, 0, 1.3242767482130524E-4
10, 83, C15, 0, 1.0180369783458171E-13
10, 82, C15, 0, 1.3350705105350575E-7
10, 80, C15, 0, 0.4105452506779879
10, 79, C12, 0, 1.9699056244897426E-12
10, 76, C12, 0, 0.3422351606144085
10, 74, C12, 0, 2.6788679497528567E-12
10, 72, C12, 0, 0.0034847101216267575
10, 70, C11, 0, 0.025132969923089263
10, 69, C10, 0, 1.969906280755285E-12
10, 68, C10, 0, 4.542761610172984E-8
10, 67, C10, 0, 7.908995406148932E-6
10, 66, C10, 0, 0.253265765414243
10, 64, C10, 0, 0.1420010117249041
10, 63, C10, 0, 4.5420772144676345E-8
10, 62, C10, 0, 1.8719320312994603E-11
10, 61, C10, 0, 9.198042067216108E-10
10, 60, C10, 0, 0.0010612877212949113
10, 59, C9, 0, 0.025132978296383883
10, 56, C9, 0, 0.03725688109372699
10, 55, C9, 0, 9.021496412599223E-9
10, 54, C9, 0, 0.020818185350187913
10, 53, C8, 0, 1.8296190943099576E-14
10, 52, C8, 0, 0.08406184439547165
10, 50, C8, 0, 4.0242667422989034E-7
10, 48, C8, 0, 1.131205047399637
10, 47, C7, 0, 6.244403333696212E-6
10, 44, C7, 0, 0.1053901504632992
10, 43, C7, 0, 2.241432018530909E-12
10, 42, C7, 0, 0.015658628425996454
10, 40, C6, 0, 2.4569579324270875E-4
10, 38, C6, 0, 7.087217680700135E-7
10, 36, C6, 0, 2.5008220411546596
10, 35, C5, 0, 7.866830151073219E-11
10, 32, C5, 0, 1.6284583138644914E-4
10, 30, C5, 0, 0.12205083739454724
10, 28, C4, 1, 0.5720476831699156
10, 27, C4, 0, 1.2629628192922332E-4
10, 26, C4, 1, 1.2937643899008002E-4
10, 25, C4, 1, 4.768208992854947E-8
10, 24, C4, 0, 4.0262695124673064E-4
10, 23, C4, 0, 5.749503775334229E-15
10, 22, C4, 1, 1.3799759668388888E-11
10, 22, C4, 0, 9.087203790764861E-8
10, 21, C4, 1, 6.296501129302566E-4
10, 20, C4, 1, 3.698918945771234E-5
10, 20, C4, 0, 3.815467299068726
10, 19, C3, 0, 1.2159366469491656E-14
10, 18, C3, 0, 1.0113610096707292E-8
10, 16, C3, 0, 0.03371903946299403
10, 15, C3, 0, 7.774831867215823E-18
10, 10, C2, 1, 0.03968175492580221
10, 10, C2, 0, 0.2622817613090432
10, 5, C1, 1, 2.5740230095975508E-14
10, 5, C1, 0, 2.251101754758857E-17
10, 4, C1, 0, 4.2309297026932E-5
11, 207, C14, 1, 6.123273762785787E-14
11, 205, C14, 1, 0.3607952047178981
11, 204, C14, 1, 1.7216276391602156E-13
11, 203, C14, 1, 9.08678185027897
11, 198, C13, 1, 1.074311334545684E-17
11, 197, C13, 1, 3.4532633463052853E-5
11, 189, C17, 1, 0.20642604238228965
11, 188, C17, 1, 1.3112358073225034E-8
11, 187, C17, 1, 1.3112358073225034E-8
11, 186, C17, 1, 0.07399486228305657
11, 185, C17, 1, 3.8825307830910434E-4
11, 183, C21, 1, 2.0033884043863318E-6
11, 182, C21, 1, 1.1763114318872667E-19
11, 181, C21, 1, 2.679508243746326E-7
11, 180, C21, 1, 1.123830672835109E-17
11, 179, C21, 1, 6.622392110796022E-4
11, 178, C21, 1, 4.490963725035054E-11
11, 177, C22, 1, 0.001598713520726231
11, 175, C24, 1, 4.655781594335577E-14
11, 173, C24, 1, 6.0556375587407523E-5
11, 171, C24, 1, 0.01399761304982031
11, 168, C23, 1, 2.4501943341609E-12
11, 167, C23, 1, 2.0252548993534462E-5
11, 164, C23, 1, 7.802416382056002E-18
11, 163, C23, 1, 6.071978462871174E-16
11, 160, C23, 1, 1.0876554308243627E-14
11, 159, C23, 1, 0.002748741758002495
11, 157, C26, 1, 7.4005327870778824E-9
11, 156, C26, 1, 3.6299648748417694E-12
11, 155, C26, 1, 0.00472190910824668
11, 153, C26, 1, 0.04216568326005762
11, 151, C25, 1, 1.4150661350554333E-5
11, 149, C25, 1, 0.008796696583082322
11, 146, C25, 1, 2.0319028989753037E-12
11, 144, C28, 1, 5.231597743609437E-12
11, 143, C28, 1, 0.007106246191458865
11, 142, C28, 1, 4.6229063047132034E-11
11, 141, C28, 1, 0.04679371957971053
11, 140, C28, 1, 9.900685527492317E-14
11, 139, C27, 1, 6.660479197665293E-12
11, 138, C27, 1, 2.4314088132919525E-9
11, 137, C27, 1, 8.727555337180571E-16
11, 136, C27, 1, 0.002643127726177393
11, 135, C27, 1, 2.3907806075112546E-18
11, 134, C27, 1, 0.002650812647427862
11, 132, C32, 0, 0.02111968972962281
11, 125, C30, 1, 1.28789502879666E-4
11, 124, C30, 0, 5.988769316908395E-5
11, 118, C31, 0, 7.191327920216639E-9
11, 116, C31, 0, 0.030336632988150224
11, 115, C31, 0, 2.581331120805069E-15
11, 114, C31, 0, 0.03863405651658017
11, 113, C29, 1, 1.855540659794824E-5
11, 113, C29, 0, 5.21372815236351E-10
11, 112, C29, 1, 1.137013217500419E-11
11, 112, C29, 0, 2.211072214501346E-9
11, 109, C29, 1, 1.137013217500419E-11
11, 109, C29, 0, 2.600668423711739E-9
11, 108, C29, 1, 8.040199465350263E-12
11, 108, C29, 0, 2.9138387591627532E-9
11, 106, C29, 0, 2.628404806327827E-8
11, 105, C29, 1, 2.435093762466434E-14
11, 105, C29, 0, 4.735361097852047E-12
11, 104, C29, 0, 0.07577586192931056
11, 102, C20, 0, 6.665326695765404E-4
11, 101, C20, 0, 2.1428019126550398E-11
11, 98, C20, 0, 0.334443351837149
11, 96, C19, 0, 3.3457201911738675E-8
11, 94, C19, 0, 1.0425451521397482E-7
11, 92, C19, 0, 0.3187293827657346
11, 91, C16, 0, 5.123966012232316E-13
11, 88, C16, 0, 5.246333887496002E-4
11, 86, C16, 0, 0.3741381546966402
11, 84, C15, 0, 1.3348467838066373E-7
11, 82, C15, 0, 1.152567108379286E-7
11, 80, C15, 0, 0.44132858046737033
11, 79, C12, 0, 5.756892830416604E-13
11, 76, C12, 0, 0.12536222259000224
11, 74, C12, 0, 5.757241307033891E-13
11, 72, C12, 0, 7.488646757868006E-4
11, 70, C11, 0, 2.4669235497314615E-6
11, 69, C10, 0, 3.4348177244540732E-9
11, 68, C10, 0, 3.753806257800767E-12
11, 67, C10, 0, 2.31628112128943E-6
11, 66, C10, 0, 0.13656853020169515
11, 64, C10, 0, 0.8837690724100675
11, 63, C10, 0, 2.2394866383436734E-8
11, 62, C10, 0, 6.793969592963076E-10
11, 61, C10, 0, 1.6038122279489772E-6
11, 60, C10, 0, 3.108158504799831E-4
11, 59, C9, 0, 0.014718760593772586
11, 56, C9, 0, 0.011070885008766828
11, 55, C9, 0, 5.283307228081491E-9
11, 54, C9, 0, 0.006096956523458644
11, 53, C8, 0, 1.1347728377595623E-13
11, 52, C8, 0, 0.10541634550600167
11, 50, C8, 0, 6.167261897650064E-7
11, 48, C8, 0, 2.055556164546961
11, 47, C7, 0, 1.8491309721080184E-6
11, 44, C7, 0, 0.08612113563022512
11, 43, C7, 0, 6.637465816748913E-13
11, 42, C7, 0, 0.004770970119357179
11, 40, C6, 0, 1.6970246463629383E-4
11, 38, C6, 0, 5.481570443966476E-7
11, 36, C6, 0, 3.0184197920796056
11, 35, C5, 0, 4.504198874189453E-11
11, 32, C5, 0, 3.469105818639316E-5
11, 30, C5, 0, 0.05955378764040869
11, 28, C4, 1, 0.1369336938741086
11, 27, C4, 0, 5.211324282598302E-5
11, 26, C4, 1, 5.338419847410372E-5
11, 25, C4, 1, 1.328118515335484E-8
11, 24, C4, 0, 1.4235059539701263E-4
11, 22, C4, 1, 3.939939155432309E-15
11, 21, C4, 1, 2.81523745680034E-4
11, 20, C4, 1, 1.526273444238287E-5
11, 20, C4, 0, 1.8366461862686585
11, 19, C3, 0, 1.103844292363929E-15
11, 16, C3, 0, 0.009917489436297585
11, 10, C2, 1, 2.5740230090324052E-14
11, 10, C2, 0, 2.2051470485458745E-17
11, 5, C1, 0, 5.601916151542819E-19
12, 207, C14, 1, 1.751175308462983E-14
12, 205, C14, 1, 0.36079520471789006
12, 204, C14, 1, 1.7216276391601981E-13
12, 203, C14, 1, 9.222694655371539
12, 198, C13, 1, 3.146299795106085E-18
12, 197, C13, 1, 1.0113457253546087E-5
12, 189, C17, 1, 0.20645038745301877
12, 188, C17, 1, 1.3280243534199187E-8
12, 187, C17, 1, 1.3280243534199187E-8
12, 186, C17, 1, 0.07426880745133868
12, 185, C17, 1, 1.1370639363744004E-4
12, 184, C17, 1, 9.833759507306107E-11
12, 182, C21, 1, 3.445046397481316E-20
12, 181, C21, 1, 7.847437319182221E-8
12, 179, C21, 1, 1.939490468508575E-4
12, 177, C22, 1, 4.6821293326894343E-4
12, 175, C24, 1, 1.1007609575215145E-14
12, 174, C24, 1, 5.738588935016158E-10
12, 173, C24, 1, 1.4318852569068653E-5
12, 171, C24, 1, 0.005698147222058049
12, 167, C23, 1, 5.931296515239791E-6
12, 166, C23, 1, 8.614444784371408E-16
12, 161, C23, 1, 2.39989735511705E-9
12, 160, C23, 1, 3.193310203026392E-15
12, 159, C23, 1, 8.070139424779572E-4
12, 156, C26, 1, 1.0876489713810884E-14
12, 155, C26, 1, 1.4148290029289455E-5
12, 153, C26, 1, 0.022307654683250338
12, 151, C25, 1, 4.1539026004458E-6
12, 150, C25, 1, 1.8238971048773235E-18
12, 149, C25, 1, 0.0045158322251705706
12, 147, C25, 1, 2.371310386564686E-9
12, 145, C28, 1, 1.0702738651157835E-8
12, 144, C28, 1, 2.0319021680606137E-12
12, 143, C28, 1, 0.002643126775393337
12, 142, C28, 1, 4.2634185569258E-15
12, 141, C28, 1, 0.048242977546085
12, 139, C27, 1, 6.728452991561336E-10
12, 138, C27, 1, 9.487518129127997E-10
12, 137, C27, 1, 3.405549861948524E-16
12, 136, C27, 1, 0.0031102186873629813
12, 135, C27, 1, 2.4151787626202107E-16
12, 134, C27, 1, 0.0038865533513730227
12, 133, C32, 1, 1.1734129311500519E-17
12, 132, C32, 0, 0.02731941935843356
12, 125, C30, 1, 3.7732580653809117E-5
12, 125, C30, 0, 1.5201042147385333E-11
12, 124, C30, 1, 3.269009971526177E-11
12, 124, C30, 0, 1.7539109072785725E-5
12, 118, C31, 0, 9.806320637110449E-9
12, 116, C31, 0, 0.11824802105243623
12, 115, C31, 0, 3.5199841979120292E-15
12, 114, C31, 0, 0.12956264840425777
12, 113, C29, 1, 0.0018744766377287356
12, 113, C29, 0, 2.211071420836041E-9
12, 112, C29, 0, 6.904010887576158E-15
12, 111, C29, 1, 6.728444223199141E-10
12, 109, C29, 1, 1.0359435057813458E-24
12, 109, C29, 0, 6.904010887576158E-15
12, 108, C29, 0, 0.030336647262156926
12, 106, C29, 1, 6.180896434193642E-21
12, 106, C29, 0, 8.090175533348237E-8
12, 104, C29, 0, 0.24757634751888663
12, 102, C20, 0, 5.653981314158622E-4
12, 101, C20, 0, 9.090309726424623E-11
12, 98, C20, 0, 0.3619474719672614
12, 96, C19, 0, 6.665252326940766E-4
12, 94, C19, 0, 1.120206317330089E-7
12, 92, C19, 0, 0.40542338355623
12, 91, C16, 0, 4.3464948381706383E-13
12, 88, C16, 0, 1.9104796042441772E-4
12, 86, C16, 0, 0.19877821728840955
12, 84, C15, 0, 5.246607103213236E-4
12, 82, C15, 0, 3.518795061255017E-7
12, 80, C15, 0, 1.109551212904099
12, 79, C12, 0, 1.6859355342102744E-13
12, 76, C12, 0, 0.03671688317878881
12, 74, C12, 0, 1.6859355630046953E-13
12, 72, C12, 0, 2.1930885364975522E-4
12, 70, C11, 0, 7.231004980360384E-7
12, 69, C10, 0, 1.0050408401951626E-9
12, 68, C10, 0, 1.5516432380143887E-12
12, 66, C10, 0, 0.06579159440505762
12, 64, C10, 0, 1.5394332494696619
12, 63, C10, 0, 9.251586884357796E-9
12, 62, C10, 0, 1.1823943327180815E-9
12, 61, C10, 0, 4.6939960189038647E-7
12, 60, C10, 0, 9.103668446276992E-5
12, 59, C9, 0, 0.004310636541818324
12, 56, C9, 0, 0.00337324252240302
12, 55, C9, 0, 1.5473053626985867E-9
12, 54, C9, 0, 0.001785596544664184
12, 53, C8, 0, 1.6413886290928908E-13
12, 52, C8, 0, 0.08744708286857648
12, 50, C8, 0, 6.002897421880083E-7
12, 48, C8, 0, 2.639878564727355
12, 47, C7, 0, 4.682703364043507E-7
12, 44, C7, 0, 0.042003857127926134
12, 43, C7, 0, 1.6808589536186883E-13
12, 42, C7, 0, 0.0015058693416532035
12, 40, C6, 0, 4.434349616250453E-5
12, 38, C6, 0, 1.987716670721302E-7
12, 36, C6, 0, 2.287811095694919
12, 35, C5, 0, 1.2830717687247256E-11
12, 32, C5, 0, 5.962944719326988E-6
12, 30, C5, 0, 0.024448343692286066
12, 28, C4, 1, 0.0012558829588125923
12, 27, C4, 0, 1.5547049478448342E-5
12, 26, C4, 1, 1.5926216255926127E-5
12, 25, C4, 1, 2.1819128078528758E-8
12, 24, C4, 0, 3.764453537557014E-5
12, 23, C4, 0, 2.3856853704346876E-14
12, 22, C4, 1, 1.289555220381254E-13
12, 21, C4, 1, 9.467510308335847E-5
12, 20, C4, 1, 4.553362536745341E-6
12, 20, C4, 0, 0.5479303836007952
12, 19, C3, 0, 2.878033920789525E-15
12, 18, C3, 0, 2.1871399346454716E-8
12, 16, C3, 0, 0.002904502072910353
12, 15, C3, 0, 1.681362549952845E-17
12, 11, C2, 1, 2.2673337320442193E-17
12, 10, C2, 0, 5.597970862411055E-19
13, 207, C14, 1, 1.632659175506267E-16
13, 205, C14, 1, 0.3607952047178823
13, 204, C14, 1, 1.721627639160212E-13
13, 203, C14, 1, 9.22396180028388
13, 198, C13, 1, 9.21446333326736E-19
13, 197, C13, 1, 2.9618945143218664E-6
13, 189, C17, 1, 0.20645746490773717
13, 188, C17, 1, 1.3329409901127295E-8
13, 187, C17, 1, 1.3329409901127295E-8
13, 186, C17, 1, 0.07434902739624226
13, 185, C17, 1, 3.330081505513334E-5
13, 183, C21, 1, 1.718324218312517E-7
13, 182, C21, 1, 1.0089457917592943E-20
13, 181, C21, 1, 2.2982676996669964E-8
13, 179, C21, 1, 5.680157886071537E-5
13, 178, C21, 1, 3.851989219929879E-12
13, 177, C22, 1, 1.3712484946748395E-4
13, 175, C24, 1, 3.224203004030237E-15
13, 173, C24, 1, 4.193514622394572E-6
13, 171, C24, 1, 0.0021370101483037815
13, 167, C23, 1, 1.7370790394298935E-6
13, 164, C23, 1, 5.40315480752896E-19
13, 163, C23, 1, 6.07853853439315E-16
13, 160, C23, 1, 9.375365470389436E-16
13, 159, C23, 1, 2.363474832870446E-4
13, 157, C26, 1, 1.4463368264988742E-9
13, 156, C26, 1, 3.192775078611514E-15
13, 155, C26, 1, 4.153206503116873E-6
13, 153, C26, 1, 0.010576835708295929
13, 151, C25, 1, 1.2195657893926125E-6
13, 149, C25, 1, 0.0018919836295409806
13, 146, C25, 1, 1.2274220245035703E-12
13, 144, C28, 1, 2.390977943065675E-12
13, 143, C28, 1, 0.0031102175685572917
13, 142, C28, 1, 4.395461777735803E-15
13, 141, C28, 1, 0.029917388863736682
13, 139, C27, 1, 9.865075337573772E-10
13, 138, C27, 1, 1.1164143105783656E-9
13, 137, C27, 1, 4.0073753214708777E-16
13, 136, C27, 1, 0.001596647746465763
13, 135, C27, 1, 3.5410730076056707E-16
13, 134, C27, 1, 0.0027348896713045435
13, 133, C32, 1, 3.4378499081723237E-18
13, 132, C32, 0, 0.09161803455524165
13, 125, C30, 1, 1.1063809185072357E-5
13, 125, C30, 0, 4.451878543564252E-12
13, 124, C30, 0, 5.136620410449849E-6
13, 118, C31, 1, 4.211970672298293E-24
13, 118, C31, 0, 3.28863440032526E-8
13, 116, C31, 0, 0.12797256112268865
13, 115, C31, 0, 1.1804571306844203E-14
13, 114, C31, 0, 0.16591714208534772
13, 113, C29, 1, 0.002748309453519503
13, 113, C29, 0, 6.904008409378534E-15
13, 112, C29, 1, 2.415178762619593E-16
13, 112, C29, 0, 2.6465655816196103E-14
13, 109, C29, 0, 2.6465655816196103E-14
13, 108, C29, 1, 4.757903772397426E-10
13, 108, C29, 0, 0.11824802677921196
13, 106, C29, 0, 1.0314616769404008E-7
13, 104, C29, 0, 0.3598616703544204
13, 102, C20, 0, 3.003939352488462E-4
13, 101, C20, 0, 9.837883177099347E-11
13, 98, C20, 0, 0.24626465907323897
13, 96, C19, 0, 5.654154766069943E-4
13, 94, C19, 0, 2.81793430358812E-7
13, 92, C19, 0, 0.9037830452304736
13, 91, C16, 0, 2.305918809889747E-13
13, 88, C16, 0, 5.5406099593047504E-5
13, 86, C16, 0, 0.08434268064825065
13, 84, C15, 0, 1.9141917120179413E-4
13, 82, C15, 0, 5.672414984139098E-7
13, 80, C15, 0, 1.9076061996417537
13, 79, C12, 0, 4.928065433584684E-14
13, 76, C12, 0, 0.010753874287277398
13, 74, C12, 0, 4.928065552366674E-14
13, 72, C12, 0, 6.410496481152194E-5
13, 70, C11, 0, 2.2173645623569E-7
13, 69, C10, 0, 2.8057410114576044E-10
13, 68, C10, 0, 4.632262050124552E-13
13, 66, C10, 0, 0.027051116132633984
13, 64, C10, 0, 1.8863432239037534
13, 63, C10, 0, 2.6721496732731972E-9
13, 62, C10, 0, 1.3842015363394463E-9
13, 61, C10, 0, 1.3273757664800123E-7
13, 60, C10, 0, 2.6798814923415675E-5
13, 59, C9, 0, 0.0012624326470097363
13, 56, C9, 0, 0.0010647468001160419
13, 55, C9, 0, 4.531508944941022E-10
13, 54, C9, 0, 5.229420902387682E-4
13, 53, C8, 0, 1.341951940297011E-13
13, 52, C8, 0, 0.04518778433843993
13, 50, C8, 0, 3.2600049883845016E-7
13, 48, C8, 0, 2.431919447502076
13, 47, C7, 0, 1.0322478315689162E-7
13, 44, C7, 0, 0.017224464897967792
13, 43, C7, 0, 3.7052592811427626E-14
13, 42, C7, 0, 5.047927980015748E-4
13, 40, C6, 0, 6.157111525191654E-6
13, 38, C6, 0, 1.0813326468529417E-7
13, 36, C6, 0, 1.084510168455747
13, 35, C5, 0, 8.16134767626727E-12
13, 32, C5, 0, 2.707610817607944E-6
13, 30, C5, 0, 0.009211267573184734
13, 28, C4, 1, 6.694792092777999E-5
13, 27, C4, 0, 4.553212597940331E-6
13, 26, C4, 1, 4.6642579091632386E-6
13, 25, C4, 1, 6.881048002355471E-9
13, 24, C4, 0, 1.0990519920779303E-5
13, 22, C4, 1, 5.146617119611507E-14
13, 21, C4, 1, 3.0940135472669383E-5
13, 20, C4, 1, 1.3335281201772825E-6
13, 20, C4, 0, 0.1604705464444683
13, 19, C3, 0, 1.875341654078942E-15
13, 16, C3, 0, 8.506318404196792E-4
13, 10, C2, 1, 2.2673329181838186E-17
13, 5, C1, 0, 1.2910110654256978E-26
14, 207, C14, 1, 9.050903179169662E-18
14, 205, C14, 1, 0.3607952047178745
14, 204, C14, 1, 1.7216276391602196E-13
14, 203, C14, 1, 9.224032046456877
14, 189, C17, 1, 0.20645948525333202
14, 188, C17, 1, 1.3343807392679402E-8
14, 187, C17, 1, 1.3343807392679402E-8
14, 186, C17, 1, 0.07437251168835259
14, 185, C17, 1, 9.75269945906992E-6
14, 184, C17, 1, 8.434503805498374E-12
14, 182, C21, 1, 2.9548850531137326E-21
14, 181, C21, 1, 6.730903611300352E-9
14, 179, C21, 1, 1.6635396839136312E-5
14, 177, C22, 1, 4.0159557766636026E-5
14, 175, C24, 1, 9.441324088889083E-16
14, 174, C24, 1, 4.922102263249688E-11
14, 173, C24, 1, 1.2281406490786236E-6
14, 171, C24, 1, 7.629838390130293E-4
14, 160, C23, 1, 2.745732034094722E-16
14, 159, C23, 1, 6.921829960533253E-5
14, 156, C26, 1, 9.373833798322634E-16
14, 155, C26, 1, 1.2193614185707362E-6
14, 153, C26, 1, 0.004612946697998813
14, 150, C25, 1, 1.5729571034954542E-19
14, 149, C25, 1, 7.208709539875337E-4
14, 147, C25, 1, 2.0436988433564438E-10
14, 145, C28, 1, 2.684673876715226E-9
14, 144, C28, 1, 1.2274215829761776E-12
14, 143, C28, 1, 0.001596647172120755
14, 142, C28, 1, 2.725800641668275E-15
14, 141, C28, 1, 0.016245189565148765
14, 139, C27, 1, 6.941857339720839E-10
14, 138, C27, 1, 5.731173807201339E-10
14, 137, C27, 1, 2.05720800349698E-16
14, 136, C27, 1, 6.689423460668777E-4
14, 135, C27, 1, 2.491782079979631E-16
14, 134, C27, 1, 0.001469900365724342
14, 133, C32, 1, 1.0080337663598792E-18
14, 132, C32, 0, 0.11732549962588444
14, 125, C30, 1, 3.2489311359993438E-6
14, 125, C30, 0, 1.3038068294585183E-12
14, 124, C30, 1, 2.808280313253294E-12
14, 124, C30, 0, 1.5043448975404128E-6
14, 118, C31, 0, 4.211405262939485E-8
14, 116, C31, 0, 0.08707097445759246
14, 115, C31, 0, 1.51168624044896E-14
14, 114, C31, 0, 0.13566257507353785
14, 113, C29, 1, 0.0019339302617730266
14, 113, C29, 0, 2.6465646310796307E-14
14, 112, C29, 0, 4.8023063204977085E-14
14, 111, C29, 1, 6.941853310777234E-10
14, 109, C29, 1, 3.5410736088946885E-16
14, 109, C29, 0, 4.8023063204977085E-14
14, 108, C29, 0, 0.12797260520991657
14, 106, C29, 0, 2.2960409179170887E-7
14, 104, C29, 0, 0.7450453113668438
14, 102, C20, 0, 1.2743966446632563E-4
14, 101, C20, 0, 6.692569891816941E-11
14, 98, C20, 0, 0.13163679106509357
14, 96, C19, 0, 3.006311656319408E-4
14, 94, C19, 0, 4.811165116981048E-7
14, 92, C19, 0, 1.6052379474283895
14, 91, C16, 0, 8.90872110002796E-14
14, 88, C16, 0, 1.4778564742881472E-5
14, 86, C16, 0, 0.0323547845275858
14, 84, C15, 0, 5.7177622586038596E-5
14, 82, C15, 0, 6.179760178197072E-7
14, 80, C15, 0, 2.4603979595292573
14, 79, C12, 0, 1.444921449035448E-14
14, 76, C12, 0, 0.0031496730526629217
14, 74, C12, 0, 1.444921484355429E-14
14, 72, C12, 0, 1.879574041663118E-5
14, 70, C11, 0, 8.126549583172323E-8
14, 69, C10, 0, 6.573510322036797E-11
14, 68, C10, 0, 1.6016625958185793E-13
14, 66, C10, 0, 0.010373285419551837
14, 64, C10, 0, 1.7344601197595029
14, 63, C10, 0, 7.584084639621515E-10
14, 62, C10, 0, 1.154895852572083E-9
14, 61, C10, 0, 3.19466956299701E-8
14, 60, C10, 0, 7.971180580223636E-6
14, 59, C9, 0, 3.6970838520798054E-4
14, 56, C9, 0, 3.56912560630657E-4
14, 55, C9, 0, 1.3270702865281018E-10
14, 54, C9, 0, 1.531524349418876E-4
14, 53, C8, 0, 1.395440878745893E-13
14, 52, C8, 0, 0.018316149953114504
14, 50, C8, 0, 1.9065345663374732E-7
14, 48, C8, 0, 1.520597701966441
14, 47, C7, 0, 4.3125133416374864E-8
14, 44, C7, 0, 0.006494301397568349
14, 43, C7, 0, 1.5479790410281405E-14
14, 42, C7, 0, 1.6712992550794526E-4
14, 40, C6, 0, 2.8151945113208974E-6
14, 38, C6, 0, 4.068868596479322E-8
14, 36, C6, 0, 0.4311613325129323
14, 35, C5, 0, 4.283131179702053E-12
14, 32, C5, 0, 1.1031638772371794E-6
14, 30, C5, 0, 0.0032980801948107215
14, 28, C4, 1, 2.187880111375147E-5
14, 27, C4, 0, 1.333484196183459E-6
14, 26, C4, 1, 1.3660056663302735E-6
14, 24, C4, 0, 3.219099209659135E-6
14, 23, C4, 0, 2.4746806412020462E-15
14, 22, C4, 1, 1.6819315604331343E-14
14, 21, C4, 1, 1.0002301297147645E-5
14, 20, C4, 0, 0.04699647403536997
14, 19, C3, 0, 8.476527123004029E-16
14, 18, C3, 0, 6.291896229421429E-10
14, 16, C3, 0, 2.491217116642434E-4
14, 15, C3, 0, 4.83689155637457E-19
14, 11, C2, 1, 2.8189850296320633E-18
14, 10, C2, 0, 1.2907587799331771E-26
15, 207, C14, 1, 8.200132393231094E-12
15, 205, C14, 1, 0.3607951830427007
15, 204, C14, 1, 4.796279945597985E-7
15, 203, C14, 1, 9.224054411569936
15, 189, C17, 1, 0.20645941114461258
15, 188, C17, 1, 1.3348022240965223E-8
15, 187, C17, 1, 1.3348022240965223E-8
15, 186, C17, 1, 0.07437937999415498
15, 185, C17, 1, 2.8562405863715145E-6
15, 183, C21, 1, 1.473822107829584E-8
15, 182, C21, 1, 8.65392942579964E-22
15, 181, C21, 1, 1.9712700756879433E-9
15, 179, C21, 1, 4.871984785188142E-6
15, 178, C21, 1, 3.303928033370757E-13
15, 177, C22, 1, 1.176147201771277E-5
15, 175, C24, 1, 3.783250262752205E-20
15, 171, C24, 1, 2.6361207700362855E-4
15, 160, C23, 1, 8.041333883852083E-17
15, 159, C23, 1, 2.027173267774841E-5
15, 157, C26, 1, 1.9366498993149226E-10
15, 153, C26, 1, 0.0018917375748588525
15, 151, C25, 1, 1.0460279649474346E-7
15, 149, C25, 1, 2.5996103752215803E-4
15, 146, C25, 1, 1.9594548976135802E-13
15, 144, C28, 1, 5.14248853684878E-13
15, 143, C28, 1, 6.689421054593238E-4
15, 142, C28, 1, 1.4801140684451216E-15
15, 141, C28, 1, 0.008020861083681507
15, 139, C27, 1, 3.730987207887197E-10
15, 138, C27, 1, 2.400932188679279E-10
15, 137, C27, 1, 8.61901788482899E-17
15, 136, C27, 1, 2.548886352142304E-4
15, 135, C27, 1, 1.3392391763472065E-16
15, 134, C27, 1, 6.853480656280113E-4
15, 132, C32, 0, 0.09593149448908933
15, 125, C30, 0, 3.818415601207514E-13
15, 118, C31, 1, 3.6179810308310515E-25
15, 118, C31, 0, 3.443123271016295E-8
15, 116, C31, 0, 0.046540063199351604
15, 115, C31, 0, 1.235910995972875E-14
15, 114, C31, 0, 0.08627574577436053
15, 113, C29, 1, 0.0010394277809536983
15, 113, C29, 0, 4.802272360604694E-14
15, 112, C29, 1, 2.491517143885774E-16
15, 112, C29, 0, 8.43615070494434E-14
15, 109, C29, 0, 8.43615070494434E-14
15, 108, C29, 1, 4.908782933342264E-10
15, 108, C29, 0, 0.0870720426394911
15, 106, C29, 0, 4.066494655294206E-7
15, 104, C29, 0, 1.35119969397065
15, 102, C20, 0, 4.737011977808844E-5
15, 101, C20, 0, 3.465982546386567E-11
15, 98, C20, 0, 0.06138380472240067
15, 96, C19, 0, 1.2853921252794164E-4
15, 94, C19, 0, 5.908693578419005E-7
15, 92, C19, 0, 2.1716613696970373
15, 91, C16, 0, 2.51745201714493E-14
15, 88, C16, 0, 3.189929055730663E-6
15, 86, C16, 0, 0.011718455591398273
15, 84, C15, 0, 1.6719017764117793E-5
15, 82, C15, 0, 4.3631157064491516E-7
15, 80, C15, 0, 2.4966867864946023
15, 79, C12, 0, 4.312116615124747E-15
15, 76, C12, 0, 9.22515513489605E-4
15, 74, C12, 0, 4.3121167376533756E-15
15, 72, C12, 0, 5.609261638287068E-6
15, 70, C11, 0, 3.3943141268932865E-8
15, 69, C10, 0, 1.3753948299286494E-11
15, 68, C10, 0, 7.564502110370861E-14
15, 66, C10, 0, 0.0037917326967672827
15, 64, C10, 0, 1.0982654962014957
15, 63, C10, 0, 2.4684491526078215E-10
15, 62, C10, 0, 7.764679478880011E-10
15, 61, C10, 0, 6.5702738564900424E-9
15, 60, C10, 0, 2.355448573049307E-6
15, 59, C9, 0, 1.0826520982544776E-4
15, 56, C9, 0, 1.1816330796764647E-4
15, 55, C9, 0, 3.8861856742377915E-11
15, 54, C9, 0, 4.485328552809869E-5
15, 53, C8, 0, 1.3004905396437789E-13
15, 52, C8, 0, 0.00652349671892046
15, 50, C8, 0, 1.0689873180063235E-7
15, 48, C8, 0, 0.7519238693849879
15, 47, C7, 0, 1.9790934650029396E-8
15, 44, C7, 0, 0.0023271949306394165
15, 43, C7, 0, 7.103966901345591E-15
15, 42, C7, 0, 5.393429352979762E-5
15, 40, C6, 0, 1.1436632879620745E-6
15, 38, C6, 0, 1.1930073520579973E-8
15, 36, C6, 0, 0.15950876276178994
15, 35, C5, 0, 1.771700090409382E-12
15, 32, C5, 0, 3.7283539509679233E-7
15, 30, C5, 0, 0.0011416871853646583
15, 28, C4, 1, 7.07296065181809E-6
15, 22, C4, 1, 5.437334378672799E-15
15, 21, C4, 1, 2.9293406398913093E-6
15, 20, C4, 0, 0.01376370069582783
15, 19, C3, 0, 2.8661596895954877E-16
15, 16, C3, 0, 7.295944528940141E-5
15, 10, C2, 1, 2.8189840177561965E-18
15, 5, C1, 0, 3.710487940470228E-28
16, 207, C14, 1, 2.53884221325082E-12
16, 205, C14, 1, 0.3607951613676467
16, 204, C14, 1, 4.796279586755558E-7
16, 203, C14, 1, 9.22406100490009
16, 189, C17, 1, 0.20645933703591973
16, 188, C17, 1, 1.334925493159953E-8
16, 187, C17, 1, 1.334925493159953E-8
16, 186, C17, 1, 0.07438138203193434
16, 182, C21, 1, 2.534463884693556E-22
16, 181, C21, 1, 5.773230364817053E-10
16, 179, C21, 1, 1.426841944088768E-6
16, 177, C22, 1, 3.44456542130123E-6
16, 175, C24, 1, 6.180734815221084E-26
16, 174, C24, 1, 4.221785348241966E-12
16, 171, C24, 1, 8.896465808105685E-5
16, 160, C23, 1, 2.3550386501174828E-17
16, 159, C23, 1, 5.936914776889923E-6
16, 153, C26, 1, 7.40435697563947E-4
16, 150, C25, 1, 1.3500314819309097E-20
16, 149, C25, 1, 9.043810575082424E-5
16, 145, C28, 1, 4.801718197098122E-10
16, 144, C28, 1, 1.959454202727734E-13
16, 143, C28, 1, 2.548885448225074E-4
16, 142, C28, 1, 7.3078798381137945E-16
16, 141, C28, 1, 0.0036867530668184753
16, 139, C27, 1, 1.7395905159504417E-10
16, 138, C27, 1, 9.019574472991959E-11
16, 137, C27, 1, 3.284124154443456E-17
16, 136, C27, 1, 9.256950949425383E-5
16, 135, C27, 1, 6.244266652092719E-17
16, 134, C27, 1, 2.9197320892134236E-4
16, 132, C32, 0, 0.06100843410657892
16, 125, C30, 1, 2.2760186019932345E-9
16, 118, C31, 0, 2.15886561433388E-8
16, 116, C31, 0, 0.02154837926957168
16, 115, C31, 0, 7.749260022268779E-15
16, 114, C31, 0, 0.04712544524201519
16, 113, C29, 1, 4.8563089799279435E-4
16, 113, C29, 0, 8.428041464722392E-14
16, 112, C29, 0, 1.3229696975165695E-13
16, 111, C29, 1, 1.7149360209652253E-10
16, 109, C29, 1, 1.3190078144237896E-16
16, 109, C29, 0, 1.3229696975165695E-13
16, 108, C29, 0, 0.04662413779907723
16, 106, C29, 0, 5.364577196837437E-7
16, 104, C29, 0, 1.9126414442893416
16, 102, C20, 0, 1.4511159650686335E-5
16, 101, C20, 0, 1.3568781880418822E-11
16, 98, C20, 0, 0.026249269680573464
16, 96, C19, 0, 4.960085545140135E-5
16, 94, C19, 0, 5.091104045193003E-7
16, 92, C19, 0, 2.3771332675652364
16, 91, C16, 0, 7.0359341993770625E-15
16, 88, C16, 0, 7.209766666726731E-7
16, 86, C16, 0, 0.004089168583179139
16, 84, C15, 0, 4.03270478643666E-6
16, 82, C15, 0, 2.7003704001898334E-7
16, 80, C15, 0, 1.8762011517226511
16, 76, C12, 0, 2.7020798650951455E-4
16, 74, C12, 0, 1.2791150266150547E-15
16, 72, C12, 0, 1.663890651456437E-6
16, 70, C11, 0, 1.2065514449323113E-8
16, 68, C10, 0, 3.087096181293355E-14
16, 66, C10, 0, 0.001337145027411959
16, 64, C10, 0, 0.5383335505004644
16, 63, C10, 0, 8.116697893627825E-11
16, 62, C10, 0, 4.079702187288539E-10
16, 61, C10, 0, 1.5703162982400457E-9
16, 60, C10, 0, 7.249264676400533E-11
16, 59, C9, 0, 3.170517641139631E-5
16, 56, C9, 0, 3.813232845115392E-5
16, 55, C9, 0, 1.1380590548690506E-11
16, 54, C9, 0, 1.3136045909282822E-5
16, 53, C8, 0, 6.925418368940833E-14
16, 52, C8, 0, 0.002327321616625709
16, 50, C8, 0, 4.048727430019661E-8
16, 48, C8, 0, 0.33300901403596456
16, 47, C7, 0, 6.3946236346316024E-9
16, 44, C7, 0, 8.056006851419656E-4
16, 43, C7, 0, 2.2953536783527818E-15
16, 42, C7, 0, 1.7519936014688144E-5
16, 40, C6, 0, 3.8470276190899823E-7
16, 38, C6, 0, 3.4935824592636393E-9
16, 36, C6, 0, 0.05644756771263018
16, 35, C5, 0, 6.193014023797324E-13
16, 32, C5, 0, 1.1025577209243128E-7
16, 30, C5, 0, 3.858439203272647E-4
16, 28, C4, 1, 2.0714344095624595E-6
16, 20, C4, 0, 0.00403092914378478
16, 19, C3, 0, 8.475906053445806E-17
16, 18, C3, 0, 4.803022400175119E-20
16, 16, C3, 0, 2.136738954375603E-5
16, 10, C2, 0, 3.709866148294026E-28
17, 207, C14, 1, 7.435422561873907E-13
17, 205, C14, 1, 0.36079513969262816
17, 204, C14, 1, 4.796279603743852E-7
17, 203, C14, 1, 9.224062596705796
17, 189, C17, 1, 0.20645926292725353
17, 188, C17, 1, 1.3349614247752764E-8
17, 187, C17, 1, 1.3349614247752764E-8
17, 186, C17, 1, 0.0743813686533666
17, 185, C17, 1, 4.7917172558073985E-15
17, 182, C21, 1, 7.422647986242403E-23
17, 181, C21, 1, 1.690786732842755E-10
17, 178, C21, 1, 2.8338266552040162E-14
17, 177, C22, 1, 1.0087983930517541E-6
17, 175, C24, 1, 3.244969257570891E-21
17, 171, C24, 1, 2.9499347048211885E-5
17, 160, C23, 1, 6.8971231933107404E-18
17, 159, C23, 1, 1.7387244409918306E-6
17, 157, C26, 1, 2.2581526279526227E-11
17, 153, C26, 1, 2.7975878726275316E-4
17, 151, C25, 1, 8.971874370716399E-9
17, 149, C25, 1, 3.067552503241188E-5
17, 146, C25, 1, 2.594305211525257E-14
17, 144, C28, 1, 7.116273355306945E-14
17, 143, C28, 1, 9.256947968308321E-5
17, 142, C28, 1, 3.3590344133900177E-16
17, 141, C28, 1, 0.0016033136566938797
17, 139, C27, 1, 7.411034442753278E-11
17, 138, C27, 1, 2.973999595809501E-11
17, 137, C27, 1, 1.1927160728355784E-17
17, 136, C27, 1, 3.374708524805472E-5
17, 135, C27, 1, 2.660193736040541E-17
17, 134, C27, 1, 1.1571393435869891E-4
17, 132, C32, 0, 0.03332396247273869
17, 118, C31, 0, 1.070606114066849E-8
17, 116, C31, 0, 0.008766787787934495
17, 115, C31, 0, 3.842946547599071E-15
17, 114, C31, 0, 0.023596417837314976
17, 113, C29, 1, 2.1006592345385546E-4
17, 113, C29, 0, 1.3131563978776112E-13
17, 112, C29, 1, 5.558795719562438E-17
17, 112, C29, 0, 1.6015051185027096E-13
17, 109, C29, 0, 1.6015051185027096E-13
17, 108, C29, 1, 1.20369402735505E-10
17, 108, C29, 0, 0.021894744397347923
17, 106, C29, 0, 5.292508949582984E-7
17, 104, C29, 0, 2.2175407896514945
17, 102, C20, 0, 4.361918617329156E-6
17, 101, C20, 0, 4.754140073690958E-12
17, 98, C20, 0, 0.010574761605949322
17, 96, C19, 0, 1.6000046864741613E-5
17, 94, C19, 0, 3.497019366580096E-7
17, 92, C19, 0, 2.0488982742683213
17, 91, C16, 0, 2.7137694329268444E-15
17, 88, C16, 0, 2.3333305223720172E-7
17, 86, C16, 0, 0.0013900827722903497
17, 84, C15, 0, 2.6840746071439373E-7
17, 82, C15, 0, 1.776089911735479E-7
17, 80, C15, 0, 1.0964067874895997
17, 76, C12, 0, 7.914697782281983E-5
17, 74, C12, 0, 3.938477165613525E-20
17, 70, C11, 0, 2.825163043461489E-9
17, 68, C10, 0, 7.626635179644957E-15
17, 66, C10, 0, 4.614426892516831E-4
17, 64, C10, 0, 0.23780909553310547
17, 63, C10, 0, 2.5068347345996647E-11
17, 62, C10, 0, 1.8102646666017536E-10
17, 60, C10, 0, 2.571589906475476E-11
17, 59, C9, 0, 9.286107434354014E-6
17, 56, C9, 0, 1.2386850220827293E-5
17, 55, C9, 0, 3.333253382042329E-12
17, 54, C9, 0, 3.847114424898678E-6
17, 53, C8, 0, 3.064063021975882E-14
17, 52, C8, 0, 8.056475658011146E-4
17, 50, C8, 0, 1.4327849521509248E-8
17, 48, C8, 0, 0.1374431822980101
17, 47, C7, 0, 2.076086013923723E-9
17, 44, C7, 0, 2.72260009426074E-4
17, 43, C7, 0, 7.45212219031733E-16
17, 42, C7, 0, 5.714093152881009E-6
17, 40, C6, 0, 1.1373091200678533E-7
17, 38, C6, 0, 1.0231538495696784E-9
17, 36, C6, 0, 0.019382014336160134
17, 35, C5, 0, 2.0929972356194875E-13
17, 32, C5, 0, 3.2290430605970485E-8
17, 30, C5, 0, 1.2807812576192223E-4
17, 20, C4, 0, 0.00118052478190977
17, 19, C3, 0, 2.4823249708148054E-17
17, 16, C3, 0, 6.257796151048018E-6
18, 205, C14, 1, 0.36079511801761904
18, 204, C14, 1, 4.796279620729124E-7
18, 203, C14, 1, 9.224062117077834
18, 189, C17, 1, 0.20645918881861391
18, 188, C17, 1, 1.3349611846631689E-8
18, 187, C17, 1, 1.3349611846631689E-8
18, 186, C17, 1, 0.07438135527518559
18, 182, C21, 1, 2.1738461735708598E-23
18, 175, C24, 1, 5.301270916180831E-27
18, 174, C24, 1, 3.6210860925418343E-13
18, 171, C24, 1, 9.64817346979614E-6
18, 153, C26, 1, 1.0279198761801497E-4
18, 150, C25, 1, 1.1587042893818059E-21
18, 149, C25, 1, 1.0210721211256332E-5
18, 145, C28, 1, 7.101000040652537E-11
18, 144, C28, 1, 2.5943044670275584E-14
18, 143, C28, 1, 3.3747075563524446E-5
18, 142, C28, 1, 2.0348122916406958E-10
18, 141, C28, 1, 6.673838190846446E-4
18, 140, C28, 1, 4.713686179830128E-13
18, 139, C27, 1, 2.9371185230772815E-11
18, 138, C27, 1, 9.658582881645903E-12
18, 137, C27, 1, 4.3481587639482166E-18
18, 136, C27, 1, 1.2068782984130074E-5
18, 135, C27, 1, 1.0542799296046047E-17
18, 134, C27, 1, 4.3511657517029224E-5
18, 132, C32, 0, 0.016685808824462477
18, 125, C30, 1, 6.131628947766771E-4
18, 124, C30, 0, 0.016661978245956208
18, 118, C31, 0, 4.775562468368687E-9
18, 116, C31, 0, 0.0033172996385131054
18, 115, C31, 0, 1.7141907802999143E-15
18, 114, C31, 0, 0.011071071020382458
18, 113, C29, 1, 8.498277826199987E-5
18, 113, C29, 0, 1.5774312997169976E-13
18, 112, C29, 0, 4.4822299948129074E-7
18, 111, C29, 1, 2.3418763281991217E-11
18, 109, C29, 1, 5.921818900519234E-11
18, 109, C29, 0, 4.4822299948129074E-7
18, 108, C29, 0, 0.00909642966976023
18, 106, C29, 0, 4.107375760058779E-7
18, 105, C29, 1, 1.1547004083646976E-13
18, 105, C29, 0, 8.739942673050803E-10
18, 104, C29, 0, 2.108131502114763
18, 102, C20, 0, 1.6599787637077868E-6
18, 101, C20, 0, 2.014252511790922E-12
18, 98, C20, 0, 0.004078309067943032
18, 96, C19, 0, 4.859211752541983E-6
18, 94, C19, 0, 2.414071091239024E-7
18, 92, C19, 0, 1.3890355979642595
18, 91, C16, 0, 1.2016206564546757E-15
18, 88, C16, 0, 8.900595668786823E-8
18, 86, C16, 0, 4.629873682058561E-4
18, 84, C15, 0, 1.7755365397922243E-7
18, 82, C15, 0, 8.53690409578862E-8
18, 80, C15, 0, 0.559303434926597
18, 76, C12, 0, 2.3182336732725165E-5
18, 74, C12, 0, 1.396296342809359E-20
18, 70, C11, 0, 6.132385398436801E-10
18, 68, C10, 0, 1.7540571698084573E-15
18, 66, C10, 0, 1.5681413213275297E-4
18, 64, C10, 0, 0.09799630312485559
18, 63, C10, 0, 7.779582282846454E-12
18, 62, C10, 0, 7.47152598148377E-11
18, 60, C10, 0, 7.865932750952714E-12
18, 59, C9, 0, 2.7198086321767006E-6
18, 56, C9, 0, 4.039947176373269E-6
18, 55, C9, 0, 9.762768076720448E-13
18, 54, C9, 0, 1.1266930280465917E-6
18, 53, C8, 0, 1.2626382498382162E-14
18, 52, C8, 0, 2.7227641294294975E-4
18, 50, C8, 0, 4.919655462322795E-9
18, 48, C8, 0, 0.05395819014026518
18, 47, C7, 0, 6.77111416338958E-10
18, 44, C7, 0, 9.037476007515664E-5
18, 43, C7, 0, 2.430495161171167E-16
18, 42, C7, 0, 1.867019267188813E-6
18, 40, C6, 0, 3.330821113932878E-8
18, 38, C6, 0, 2.9964765741064423E-10
18, 36, C6, 0, 0.006511134056383573
18, 35, C5, 0, 6.947554413364964E-14
18, 32, C5, 0, 9.456790776802497E-9
18, 30, C5, 0, 4.1925453225635315E-5
18, 20, C4, 0, 3.4573635779530827E-4
18, 19, C3, 0, 7.269902397860014E-18
18, 18, C3, 0, 4.1597794165061105E-21
18, 16, C3, 0, 1.8326998994369455E-6
19, 205, C14, 1, 0.36079509634260865
19, 204, C14, 1, 4.7962796377135E-7
19, 203, C14, 1, 9.22406163744987
19, 189, C17, 1, 0.2064591147100009
19, 188, C17, 1, 1.3349609445579827E-8
19, 187, C17, 1, 1.3349609445579827E-8
19, 186, C17, 1, 0.07438133525075612
19, 185, C17, 1, 4.7918453705170305E-15
19, 175, C24, 1, 2.7823088424841536E-22
19, 172, C24, 1, 8.790539025541252E-19
19, 171, C24, 1, 2.825628403520961E-6
19, 157, C26, 1, 2.4489554330563117E-12
19, 153, C26, 1, 3.692688939104822E-5
19, 151, C25, 1, 2.476245348941043E-24
19, 149, C25, 1, 2.990379885403273E-6
19, 146, C25, 1, 3.0100229428956696E-15
19, 144, C28, 1, 9.27786706679692E-15
19, 143, C28, 1, 1.2068779318345335E-5
19, 142, C28, 1, 6.080594969653162E-17
19, 141, C28, 1, 2.681420895948793E-4
19, 139, C27, 1, 1.1044381776179215E-11
19, 138, C27, 1, 3.656505315957439E-12
19, 137, C27, 1, 1.5550078839998785E-18
19, 136, C27, 1, 3.915479967477672E-6
19, 135, C27, 1, 3.9643856817330965E-18
19, 134, C27, 1, 1.6047975453519334E-5
19, 133, C32, 1, 5.586583172889544E-17
19, 132, C32, 0, 0.007828720982326993
19, 125, C30, 1, 1.7957515462969407E-4
19, 125, C30, 0, 4.229240102144212E-9
19, 124, C30, 1, 1.5563656760657354E-10
19, 124, C30, 0, 0.00487973802896571
19, 118, C31, 0, 2.371885269748297E-9
19, 116, C31, 0, 0.0013200092095623582
19, 115, C31, 0, 8.51389524953821E-16
19, 114, C31, 0, 0.0048062467412498715
19, 113, C29, 1, 3.1728458378097325E-5
19, 113, C29, 0, 4.4315989716832885E-7
19, 112, C29, 1, 9.137657159369222E-18
19, 112, C29, 0, 1.612667943630374E-13
19, 109, C29, 0, 1.612667943630374E-13
19, 108, C29, 1, 7.492236183438546E-11
19, 108, C29, 0, 0.0034209015174317217
19, 106, C29, 1, 2.4459062544858626E-20
19, 106, C29, 0, 2.97374404280797E-7
19, 104, C29, 0, 1.6157637490167744
19, 102, C20, 0, 6.4532352802737E-7
19, 101, C20, 0, 9.357837787748913E-13
19, 98, C20, 0, 0.0015211492598070297
19, 96, C19, 0, 1.904404681162939E-6
19, 94, C19, 0, 1.4044050438897204E-7
19, 92, C19, 0, 0.8030185709726876
19, 91, C16, 0, 4.938777787779506E-16
19, 88, C16, 0, 3.21681862981238E-8
19, 86, C16, 0, 1.5195440209719136E-4
19, 84, C15, 0, 8.535345803111011E-8
19, 82, C15, 0, 3.521561510114109E-8
19, 80, C15, 0, 0.2619084911464714
19, 76, C12, 0, 6.789946922557059E-6
19, 74, C12, 0, 4.268923646141767E-21
19, 68, C10, 0, 4.4297477970765387E-16
19, 66, C10, 0, 5.268538554563542E-5
19, 64, C10, 0, 0.03842791123539784
19, 63, C10, 0, 2.4264440213920205E-12
19, 62, C10, 0, 2.933212203126323E-11
19, 60, C10, 0, 2.5003846998273424E-12
19, 59, C9, 0, 7.965764849868604E-7
19, 56, C9, 0, 1.3200098449411828E-6
19, 54, C9, 0, 4.738182614280133E-13
19, 53, C8, 0, 4.95126336810707E-15
19, 52, C8, 0, 9.038035670306398E-5
19, 50, C8, 0, 1.6526938671509618E-9
19, 48, C8, 0, 0.020406793562122508
19, 47, C7, 0, 2.2123896592427217E-10
19, 44, C7, 0, 2.95835276614851E-5
19, 43, C7, 0, 7.941384876492307E-17
19, 42, C7, 0, 6.335780672682387E-8
19, 40, C6, 0, 9.75487294626658E-9
19, 38, C6, 0, 8.775681060032701E-11
19, 36, C6, 0, 0.002151375742698382
19, 35, C5, 0, 2.2742319647269096E-14
19, 32, C5, 0, 2.7695787921661793E-9
19, 30, C5, 0, 1.3571761344775284E-5
19, 20, C4, 0, 1.0125465465298601E-4
20, 205, C14, 1, 0.36079507466759697
20, 204, C14, 1, 4.796279654697292E-7
20, 203, C14, 1, 9.224061157821904
20, 189, C17, 1, 0.13763939333808856
20, 188, C17, 1, 8.89973936417088E-9
20, 187, C17, 1, 0.09361347211938323
20, 186, C17, 1, 0.04958755535054824
20, 184, C17, 1, 1.5972830318063757E-15
20, 183, C21, 1, 4.449869282765599E-9
20, 179, C21, 1, 4.449869282765599E-9
20, 175, C24, 1, 1.4723426594931097E-22
20, 174, C24, 1, 4.661699029419126E-26
20, 153, C26, 1, 1.281275032085019E-5
20, 150, C25, 1, 3.158717691368402E-25
20, 145, C28, 1, 9.372997560956918E-12
20, 144, C28, 1, 3.0100218958400497E-15
20, 143, C28, 1, 3.915478605453074E-6
20, 142, C28, 1, 2.4430685025329452E-17
20, 141, C28, 1, 1.0464210499369056E-4
20, 139, C27, 1, 4.073390245518966E-12
20, 138, C27, 1, 1.3590140714332507E-12
20, 137, C27, 1, 5.04491791631098E-19
20, 136, C27, 1, 1.0750635268698818E-6
20, 135, C27, 1, 1.4621452027472154E-18
20, 134, C27, 1, 5.739450846422528E-6
20, 133, C32, 1, 1.636125645679638E-17
20, 132, C32, 0, 0.0033986560993306803
20, 125, C30, 1, 5.2591649346025916E-5
20, 125, C30, 0, 1.2386034512479687E-9
20, 124, C30, 0, 0.0014291126107497578
20, 118, C31, 1, 1.9390330718296453E-23
20, 118, C31, 0, 1.1796313882344347E-9
20, 116, C31, 0, 5.287910176233109E-4
20, 115, C31, 0, 4.2342933701684225E-16
20, 114, C31, 0, 0.001954453790848366
20, 113, C29, 1, 1.1419741544582968E-5
20, 113, C29, 0, 1.6090235248694892E-13
20, 112, C29, 0, 1.4245209733408111E-13
20, 111, C29, 1, 3.938767563665551E-12
20, 109, C29, 1, 3.944039999112045E-18
20, 109, C29, 0, 1.4245209733408111E-13
20, 108, C29, 1, 2.4403779482909956E-20
20, 108, C29, 0, 0.0013280369565474596
20, 106, C29, 0, 1.9709080571102315E-7
20, 104, C29, 0, 1.0436266645212917
20, 102, C20, 0, 2.2645906187952157E-7
20, 101, C20, 0, 4.0087600276323835E-13
20, 98, C20, 0, 5.52719477029759E-4
20, 96, C19, 0, 1.4041633675679215E-7
20, 94, C19, 0, 6.647700385934078E-8
20, 92, C19, 0, 0.420382756452822
20, 91, C16, 0, 1.7408796091265459E-16
20, 88, C16, 0, 1.011898715015331E-8
20, 86, C16, 0, 4.929365804088481E-5
20, 84, C15, 0, 3.52096308135E-8
20, 82, C15, 0, 1.3807087878650775E-8
20, 80, C15, 0, 0.11516941979437209
20, 76, C12, 0, 1.9885491220528843E-6
20, 74, C12, 0, 1.35669907510832E-21
20, 68, C10, 0, 8.053054960568834E-17
20, 66, C10, 0, 1.6749802617840827E-5
20, 64, C10, 0, 0.014520704298881427
20, 63, C10, 0, 7.59760085803783E-13
20, 62, C10, 0, 1.109330312002085E-11
20, 60, C10, 0, 8.803588395286251E-13
20, 59, C9, 0, 3.349956301918658E-13
20, 58, C9, 0, 1.724689176999242E-19
20, 53, C8, 0, 1.870927379678646E-15
20, 52, C8, 0, 2.958540154882685E-5
20, 50, C8, 0, 5.460746876205079E-10
20, 48, C8, 0, 0.007497778562005711
20, 44, C7, 0, 9.576535165819896E-6
20, 43, C7, 0, 2.6944736499502627E-18
20, 42, C7, 0, 2.0509665753573296E-8
20, 40, C6, 0, 2.856879518377124E-9
20, 38, C6, 0, 2.5701044597809905E-11
20, 36, C6, 0, 7.016667582708185E-4
20, 35, C5, 0, 7.36195582712539E-15
20, 30, C5, 0, 3.974716505839858E-6
20, 25, C4, 0, 9.225404124740378E-18
20, 21, C4, 0, 9.225404124740378E-18
20, 20, C4, 0, 2.9654113192704502E-5
21, 205, C14, 1, 0.36079505299258396
21, 204, C14, 1, 4.796279671681085E-7
21, 203, C14, 1, 9.224060678193936
21, 189, C17, 1, 0.1376393439323702
21, 188, C17, 1, 8.899736968247108E-9
21, 187, C17, 1, 8.899736968247108E-9
21, 186, C17, 1, 0.09639415786616853
21, 185, C17, 1, 3.19456331564592E-15
21, 183, C21, 1, 0.046806620315094256
21, 182, C21, 1, 5.324267995364667E-16
21, 181, C21, 1, 3.146635336660377E-9
21, 180, C21, 1, 6.8033941582172015E-15
21, 175, C24, 1, 3.5818773978522264E-35
21, 168, C23, 1, 1.483287315648214E-9
21, 165, C23, 1, 1.483287315648214E-9
21, 159, C23, 1, 1.483287315648214E-9
21, 153, C26, 1, 3.7524274772996628E-6
21, 151, C25, 1, 6.750436727943653E-28
21, 144, C28, 1, 8.26454162630067E-16
21, 143, C28, 1, 1.075063140450198E-6
21, 142, C28, 1, 9.534037821163481E-18
21, 141, C28, 1, 3.9706504076839354E-5
21, 139, C27, 1, 1.456820717654272E-12
21, 138, C27, 1, 3.855930909481022E-13
21, 137, C27, 1, 1.3851704593326892E-19
21, 135, C27, 1, 5.229264244954884E-19
21, 134, C27, 1, 1.6808938378889459E-6
21, 133, C32, 1, 4.79167323681621E-18
21, 132, C32, 0, 0.0013820589282650705
21, 125, C30, 1, 1.5402369004802425E-5
21, 125, C30, 0, 3.6274566408882187E-10
21, 124, C30, 1, 1.3349117923981904E-11
21, 124, C30, 0, 4.185394466015792E-4
21, 118, C31, 0, 4.95703325666049E-10
21, 116, C31, 0, 1.9534683227581922E-4
21, 115, C31, 0, 1.779329819783545E-16
21, 114, C31, 0, 7.678939006443086E-4
21, 113, C29, 1, 4.059155358840003E-6
21, 113, C29, 0, 1.424445459731769E-13
21, 112, C29, 1, 1.4701556065450763E-18
21, 112, C29, 0, 9.517750981903086E-14
21, 109, C29, 1, 3.141695728193467E-33
21, 109, C29, 0, 9.517750981903086E-14
21, 108, C29, 0, 5.290588205122007E-4
21, 106, C29, 0, 1.0662064838806486E-7
21, 104, C29, 0, 0.6029488713888804
21, 102, C20, 0, 7.446859681194765E-8
21, 101, C20, 0, 1.5012417233700696E-13
21, 98, C20, 0, 1.9665583096522394E-4
21, 96, C19, 0, 6.64658602561848E-8
21, 94, C19, 0, 2.9232971108829154E-8
21, 92, C19, 0, 0.20455620309303685
21, 91, C16, 0, 5.724769039314326E-17
21, 86, C16, 0, 1.5839634559324298E-5
21, 84, C15, 0, 1.3804773383529743E-8
21, 82, C15, 0, 5.216464473129711E-9
21, 80, C15, 0, 0.048261827503286565
21, 76, C12, 0, 1.3566981000902976E-21
21, 74, C12, 0, 4.776075813572748E-22
21, 66, C10, 0, 4.9054588600116545E-6
21, 64, C10, 0, 0.005331514544274989
21, 63, C10, 0, 4.10219266290899E-18
21, 62, C10, 0, 4.075854938307177E-12
21, 60, C10, 0, 3.190755599978317E-13
21, 59, C9, 0, 1.7243994481863925E-19
21, 53, C8, 0, 6.86941647644969E-16
21, 52, C8, 0, 9.57708122578153E-6
21, 50, C8, 0, 1.7810113232746916E-10
21, 48, C8, 0, 0.0026920211904235126
21, 44, C7, 0, 2.8046479322297895E-6
21, 43, C7, 0, 8.722347569147902E-19
21, 42, C7, 0, 6.0065974436965036E-9
21, 40, C6, 0, 2.5704098423463004E-11
21, 38, C6, 0, 7.52697926121214E-12
21, 36, C6, 0, 2.2646420898759693E-4
21, 35, C5, 0, 2.156071463237519E-15
21, 30, C5, 0, 1.1640619740103003E-6
21, 25, C4, 0, 2.701813354665632E-18
21, 21, C4, 0, 2.701813354665632E-18
21, 20, C4, 0, 8.68470128370992E-6
21, 18, C3, 0, 1.5454378187342194E-21
22, 205, C14, 1, 0.3607950313175697
22, 204, C14, 1, 4.796279688664811E-7
22, 203, C14, 1, 9.224060198565967
22, 189, C17, 1, 0.13763929452666956
22, 188, C17, 1, 1.7300361839174446E-8
22, 187, C17, 1, 1.7300361839174446E-8
22, 186, C17, 1, 0.09639412391127898
22, 182, C21, 1, 4.0456136460961203E-22
22, 181, C21, 1, 1.1400851444959157E-18
22, 175, C24, 1, 1.140085175571772E-18
22, 174, C24, 1, 1.285716403784576E-41
22, 173, C24, 1, 1.4830387511515648E-9
22, 166, C23, 1, 8.922192175143854E-20
22, 165, C23, 1, 1.0002906279674154E-4
22, 164, C23, 1, 1.9108286674962646E-22
22, 163, C23, 1, 1.4801163485121206E-9
22, 161, C23, 1, 2.485632671512471E-13
22, 160, C23, 1, 1.7231871656510744E-21
22, 159, C23, 1, 0.046706360693353384
22, 153, C26, 1, 1.0989609271851627E-6
22, 150, C25, 1, 8.696176312283252E-41
22, 149, C25, 1, 1.0466403578236615E-9
22, 145, C28, 1, 9.524629388611243E-13
22, 142, C28, 1, 3.617697091515783E-18
22, 141, C28, 1, 1.4282177092448372E-5
22, 139, C27, 1, 4.266542229342813E-13
22, 135, C27, 1, 1.5314771881099258E-19
22, 133, C32, 1, 1.403323916660093E-18
22, 132, C32, 0, 5.430031786976503E-4
22, 125, C30, 1, 4.510850933636344E-6
22, 125, C30, 0, 1.0623611348947965E-10
22, 124, C30, 0, 1.2257625259471587E-4
22, 118, C31, 1, 1.7199725558367764E-24
22, 118, C31, 0, 1.9491122498885716E-10
22, 116, C31, 0, 6.953093495979193E-5
22, 115, C31, 0, 6.996349164436627E-17
22, 114, C31, 0, 2.9442148529205774E-4
22, 113, C29, 1, 1.1886153009051872E-6
22, 113, C29, 0, 9.517747350612057E-14
22, 112, C29, 0, 5.500338961825107E-14
22, 109, C29, 0, 5.500338961825107E-14
22, 108, C29, 1, 3.141693399419993E-33
22, 108, C29, 0, 1.9545382019861763E-4
22, 106, C29, 0, 5.192162626957298E-8
22, 104, C29, 0, 0.32123209358611593
22, 102, C20, 0, 2.3936875802753603E-8
22, 101, C20, 0, 5.345185830738505E-14
22, 98, C20, 0, 6.877073440424432E-5
22, 96, C19, 0, 2.9228072343045245E-8
22, 94, C19, 0, 1.2250097393399355E-8
22, 92, C19, 0, 0.09403522805090739
22, 91, C16, 0, 1.8401459321971026E-17
22, 86, C16, 0, 4.638900974607445E-6
22, 84, C15, 0, 5.215590315057348E-9
22, 82, C15, 0, 1.9149945295065743E-9
22, 80, C15, 0, 0.019469261990884876
22, 76, C12, 0, 4.776072381153517E-22
22, 74, C12, 0, 1.7308066110691647E-22
22, 66, C10, 0, 1.4366453848020811E-6
22, 64, C10, 0, 0.0019131949974278124
22, 63, C10, 0, 1.4630299133609745E-18
22, 62, C10, 0, 1.4634051635795825E-12
22, 60, C10, 0, 1.1452463544991343E-13
22, 53, C8, 0, 2.465065626071316E-16
22, 52, C8, 0, 2.8048260290493385E-6
22, 50, C8, 0, 5.7482460978674874E-11
22, 48, C8, 0, 9.485436061350016E-4
22, 44, C7, 0, 8.21387891085698E-7
22, 43, C7, 0, 2.554484996556566E-19
22, 42, C7, 0, 1.759132171343917E-9
22, 40, C6, 0, 7.527873624951744E-12
22, 38, C6, 0, 2.2044013263024905E-12
22, 36, C6, 0, 7.24650575688537E-5
22, 35, C5, 0, 6.314414625334772E-16
22, 32, C5, 0, 3.3027263768570783E-24
22, 20, C4, 0, 2.543459515957758E-6
23, 205, C14, 1, 0.36079500964255407
23, 204, C14, 1, 4.79627970564861E-7
23, 203, C14, 1, 9.224059718937996
23, 189, C17, 1, 0.1376392451209867
23, 188, C17, 1, 1.7300355745113473E-8
23, 187, C17, 1, 1.7300355745113473E-8
23, 186, C17, 1, 0.09639409056601586
23, 185, C17, 1, 6.209967730877021E-15
23, 182, C21, 1, 1.4660475626112579E-31
23, 175, C24, 1, 7.688439752554976E-14
23, 173, C24, 1, 1.000123002495384E-4
23, 160, C23, 1, 5.426042577994001E-14
23, 159, C23, 1, 0.013678736168393437
23, 151, C25, 1, 7.058272435839661E-5
23, 149, C25, 1, 0.03295704211023702
23, 146, C25, 1, 2.8448121251416974E-19
23, 142, C28, 1, 1.3012622077524883E-18
23, 141, C28, 1, 4.959885222507272E-6
23, 138, C27, 1, 4.950359858929318E-19
23, 136, C27, 1, 3.7005714237228585E-10
23, 134, C27, 1, 3.7005714237227137E-10
23, 133, C32, 1, 4.109877511496221E-19
23, 132, C32, 0, 2.081951715677253E-4
23, 125, C30, 1, 1.3210815019494478E-6
23, 125, C30, 0, 3.1113016437285624E-11
23, 124, C30, 1, 1.144970385971849E-12
23, 124, C30, 0, 3.58984985099058E-5
23, 118, C31, 0, 7.473177159092879E-11
23, 116, C31, 0, 2.4315039318205487E-5
23, 115, C31, 0, 2.6825010604543482E-17
23, 114, C31, 0, 1.105412783107157E-4
23, 113, C29, 0, 5.5003369874761E-14
23, 112, C29, 0, 2.929294347964985E-14
23, 109, C29, 1, 1.5314773061931439E-19
23, 109, C29, 0, 2.929294347964985E-14
23, 108, C29, 0, 6.958300154507594E-5
23, 106, C29, 0, 2.386856780248634E-8
23, 104, C29, 0, 0.16057359286875156
23, 102, C20, 0, 7.01031399749581E-9
23, 101, C20, 0, 1.8692172304046134E-14
23, 98, C20, 0, 2.3413966944364223E-5
23, 96, C19, 0, 1.2248044562388411E-8
23, 94, C19, 0, 4.941801168836967E-9
23, 92, C19, 0, 0.04130714297586232
23, 91, C16, 0, 5.389174799675478E-18
23, 86, C16, 0, 1.3585794654300343E-6
23, 84, C15, 0, 1.914673621024812E-9
23, 82, C15, 0, 6.871068100454441E-10
23, 80, C15, 0, 0.007616108071891263
23, 76, C12, 0, 1.7307974298789447E-22
23, 74, C12, 0, 3.7065127535087213E-19
23, 64, C10, 0, 6.735516274889121E-4
23, 63, C10, 0, 5.252899007001009E-19
23, 62, C10, 0, 5.156362126852353E-13
23, 60, C10, 0, 4.035317255777611E-14
23, 53, C8, 0, 8.678409501068016E-17
23, 52, C8, 0, 8.196898773090975E-7
23, 50, C8, 0, 1.8393501836960016E-11
23, 48, C8, 0, 3.2903924343209137E-4
23, 43, C7, 0, 4.78099391989027E-19
23, 40, C6, 0, 2.2003204316201016E-12
23, 38, C6, 0, 6.455956684281494E-13
23, 36, C6, 0, 2.302116422011431E-5
23, 25, C4, 0, 2.961153751412662E-18
23, 21, C4, 0, 2.961153751412662E-18
24, 205, C14, 1, 0.3607949879675372
24, 204, C14, 1, 4.796279722632476E-7
24, 203, C14, 1, 9.224059239310023
24, 189, C17, 1, 0.13763890476401353
24, 188, C17, 1, 1.730031318978261E-8
24, 187, C17, 1, 2.2106484833814887E-7
24, 186, C17, 1, 0.09639385220375296
24, 175, C24, 1, 4.171265568826279E-23
24, 174, C24, 1, 2.759768694287746E-20
24, 172, C24, 1, 1.7949731922127644E-11
24, 170, C24, 1, 3.844219184857597E-14
24, 162, C23, 1, 1.2460733068316366E-15
24, 160, C23, 1, 3.471434443195466E-9
24, 159, C23, 1, 0.004006045865850159
24, 158, C23, 1, 1.2460733068316366E-15
24, 157, C26, 1, 5.0006141130682135E-5
24, 156, C26, 1, 3.5288398606943824E-5
24, 155, C26, 1, 3.5288398606943824E-5
24, 153, C26, 1, 5.0006141130682135E-5
24, 151, C25, 1, 0.009671065921510812
24, 150, C25, 1, 1.266679013084615E-11
24, 149, C25, 1, 0.009653639975613615
24, 148, C25, 1, 8.948279359364697E-12
24, 147, C25, 1, 5.9144777191200384E-9
24, 146, C25, 1, 2.4929002976893537E-5
24, 144, C28, 1, 2.8448111018078656E-19
24, 143, C28, 1, 3.700570092555896E-10
24, 142, C28, 1, 4.518997799122674E-19
24, 141, C28, 1, 1.4525850521649642E-6
24, 139, C27, 1, 9.393001987426828E-17
24, 138, C27, 1, 1.3283216744686093E-16
24, 137, C27, 1, 4.768017972183392E-23
24, 136, C27, 1, 0.011640047016146881
24, 135, C27, 1, 3.371623234409499E-23
24, 134, C27, 1, 0.011640047124524284
24, 132, C32, 0, 7.816739454454466E-5
24, 125, C30, 0, 9.111965413933051E-12
24, 124, C30, 0, 1.0513473596934414E-5
24, 118, C31, 1, 1.4752422685673253E-25
24, 118, C31, 0, 2.8058229357451267E-11
24, 116, C31, 0, 8.278398242789853E-6
24, 115, C31, 0, 1.00715168934882E-17
24, 114, C31, 0, 4.0652253950711984E-5
24, 113, C29, 1, 2.61679552749439E-10
24, 113, C29, 0, 2.929293296493541E-14
24, 112, C29, 0, 1.4638977506674674E-14
24, 111, C29, 1, 9.393001969657497E-17
24, 109, C29, 0, 1.4638977506674674E-14
24, 108, C29, 1, 1.5314762055671686E-19
24, 108, C29, 0, 2.433896515538889E-5
24, 106, C29, 0, 1.0484818969255342E-8
24, 104, C29, 0, 0.07623630011634086
24, 101, C20, 0, 6.3640138241463775E-15
24, 98, C20, 0, 7.81581419113292E-6
24, 96, C19, 0, 4.940973038058613E-9
24, 94, C19, 0, 1.933164790184751E-9
24, 92, C19, 0, 0.017483087227602803
24, 86, C16, 0, 1.2212889722852415E-22
24, 84, C15, 0, 6.869916669472145E-10
24, 82, C15, 0, 2.4177164116317796E-10
24, 80, C15, 0, 0.0029040555697051602
24, 76, C12, 0, 3.706493092040811E-19
24, 74, C12, 0, 1.3060032729407682E-19
24, 64, C10, 0, 2.3267461681271626E-4
24, 63, C10, 0, 1.8508783602776298E-19
24, 62, C10, 0, 1.7886847606243716E-13
24, 60, C10, 0, 1.3998067440038526E-14
24, 53, C8, 0, 3.008469027344849E-17
24, 52, C8, 0, 1.835419341267457E-11
24, 50, C8, 0, 5.843365624440476E-12
24, 48, C8, 0, 1.1264365317526966E-4
24, 41, C6, 0, 2.6801769628585705E-17
24, 40, C6, 0, 6.42842171426103E-13
24, 36, C6, 0, 6.742131627930812E-6
24, 31, C5, 0, 2.5985526261995184E-28
24, 20, C4, 0, 3.7580862275848607E-25
24, 18, C3, 0, 9.870510142692169E-19
25, 205, C14, 1, 0.36079496629251895
25, 204, C14, 1, 4.796279739616208E-7
25, 203, C14, 1, 9.224058759682048
25, 189, C17, 1, 0.018627435748275675
25, 188, C17, 1, 2.3413472588287E-9
25, 187, C17, 1, 0.2023598013213001
25, 186, C17, 1, 0.013045522538105175
25, 185, C17, 1, 1.6044672332622603E-8
25, 184, C17, 1, 2.98805725461568E-15
25, 183, C21, 1, 1.0637020973980215E-7
25, 182, C21, 1, 4.0328494124842085E-21
25, 179, C21, 1, 1.0637020973980215E-7
25, 175, C24, 1, 2.6820125305002285E-18
25, 174, C24, 1, 9.757620425101177E-21
25, 163, C23, 1, 1.2434037651116575E-15
25, 160, C23, 1, 4.653964709477577E-15
25, 159, C23, 1, 0.0011732372992453272
25, 156, C26, 1, 7.452541365299642E-12
25, 155, C26, 1, 0.009744367862830058
25, 153, C26, 1, 4.9933517805964025E-5
25, 151, C25, 1, 6.05394246396178E-6
25, 150, C25, 1, 3.2114515536321284E-18
25, 149, C25, 1, 0.005653983985034852
25, 147, C25, 1, 1.633195296095899E-6
25, 145, C28, 1, 2.5359634794525065E-11
25, 144, C28, 1, 8.948276140495892E-12
25, 143, C28, 1, 0.011640042828997315
25, 142, C28, 1, 1.32346351658661E-19
25, 141, C28, 1, 7.107479625446302E-5
25, 139, C27, 1, 2.9545433136803305E-9
25, 138, C27, 1, 4.178199789433254E-9
25, 137, C27, 1, 1.4997671174311179E-15
25, 136, C27, 1, 0.003413208263304695
25, 135, C27, 1, 1.0605349509829722E-15
25, 134, C27, 1, 0.0068221900645070435
25, 132, C32, 0, 2.8746553525085192E-5
25, 125, C30, 1, 3.6870357551219815E-13
25, 125, C30, 0, 2.668590937560527E-12
25, 124, C30, 0, 3.0790459674221926E-6
25, 118, C31, 0, 1.0318591232863103E-11
25, 116, C31, 0, 2.7634113697862716E-6
25, 115, C31, 0, 3.70386401061981E-18
25, 114, C31, 0, 1.4669101476814566E-5
25, 113, C29, 1, 0.008231059414234248
25, 113, C29, 0, 1.4638972252007514E-14
25, 112, C29, 1, 3.371623234408636E-23
25, 112, C29, 0, 6.9490974373176754E-15
25, 109, C29, 1, 3.3716232363818743E-23
25, 109, C29, 0, 6.9490974373176754E-15
25, 108, C29, 0, 8.288905177640122E-6
25, 106, C29, 0, 4.4376587534081076E-9
25, 104, C29, 0, 0.0346899404046258
25, 101, C20, 0, 2.1243708798906387E-15
25, 98, C20, 0, 2.2889914494431285E-6
25, 96, C19, 0, 1.932840836790495E-9
25, 94, C19, 0, 7.371242533720819E-10
25, 92, C19, 0, 0.007173767237457201
25, 86, C16, 0, 2.6153835573221733E-19
25, 84, C15, 0, 2.41731125867127E-10
25, 82, C15, 0, 8.351865197556816E-11
25, 80, C15, 0, 0.0010831756078083826
25, 76, C12, 0, 1.3059963451509157E-19
25, 74, C12, 0, 4.530380322727077E-20
25, 64, C10, 0, 7.965408182141216E-5
25, 63, C10, 0, 6.420491492553425E-20
25, 62, C10, 0, 6.12340289745349E-14
25, 60, C10, 0, 4.792113658482821E-15
25, 53, C8, 0, 6.123404308431037E-14
25, 52, C8, 0, 5.818443385157285E-12
25, 50, C8, 0, 1.0188719256302655E-8
25, 48, C8, 0, 3.774696851551458E-5
25, 41, C6, 0, 3.657246886176775E-15
25, 36, C6, 0, 1.9745456161000064E-6
25, 32, C5, 0, 3.54302378521097E-25
25, 21, C4, 0, 2.1876257615611873E-37
26, 205, C14, 1, 0.36079494461749945
26, 204, C14, 1, 4.796279756600007E-7
26, 203, C14, 1, 9.224058280054072
26, 189, C17, 1, 0.018627429061949745
26, 188, C17, 1, 2.341347912429205E-9
26, 187, C17, 1, 2.341347912429205E-9
26, 186, C17, 1, 0.027730314622106674
26, 185, C17, 1, 7.584455044845684E-22
26, 183, C21, 1, 3.1449814702584424E-5
26, 181, C21, 1, 1.2604713517348752E-11
26, 180, C21, 1, 4.868431978123871E-13
26, 179, C21, 1, 0.18764358144440696
26, 178, C21, 1, 2.1126007469089372E-15
26, 177, C22, 1, 7.520531415455399E-8
26, 175, C24, 1, 3.577140612915723E-24
26, 168, C23, 1, 3.80998601079542E-14
26, 165, C23, 1, 2.2732067212154605E-10
26, 160, C23, 1, 1.3629911312490168E-15
26, 159, C23, 1, 3.437082394031065E-4
26, 156, C26, 1, 4.653184844587055E-15
26, 155, C26, 1, 6.052927964204807E-6
26, 153, C26, 1, 1.4623870367312031E-5
26, 151, C25, 1, 1.7729979377264403E-6
26, 149, C25, 1, 0.0024837256473511323
26, 146, C25, 1, 1.536776417587151E-12
26, 144, C28, 1, 2.6239009191891583E-12
26, 143, C28, 1, 0.0034132070355078073
26, 142, C28, 1, 6.475689643880892E-18
26, 141, C28, 1, 0.009800489454913198
26, 139, C27, 1, 1.731648788141526E-9
26, 138, C27, 1, 1.225172546747346E-9
26, 137, C27, 1, 4.3977636096723126E-16
26, 136, C27, 1, 0.0019998768678548343
26, 135, C27, 1, 6.21575748642357E-16
26, 134, C27, 1, 0.003997052333765732
26, 132, C32, 0, 1.0373006900906925E-5
26, 125, C30, 0, 7.815413325802265E-13
26, 118, C31, 0, 3.723396544657937E-12
26, 116, C31, 0, 8.093110764983393E-7
26, 115, C31, 0, 1.3365152420325222E-18
26, 114, C31, 0, 5.105401929006789E-6
26, 113, C29, 1, 0.004824194537653215
26, 113, C29, 0, 6.9490949429362154E-15
26, 112, C29, 0, 3.1617012969472478E-15
26, 111, C29, 1, 1.7316472883754853E-9
26, 109, C29, 0, 3.1617012969472478E-15
26, 108, C29, 1, 3.3716208132992096E-23
26, 108, C29, 0, 2.767857364904011E-6
26, 106, C29, 0, 1.8208872701814732E-9
26, 104, C29, 0, 0.015232335331461382
26, 96, C19, 0, 7.370007285152872E-10
26, 94, C19, 0, 2.749379245720383E-10
26, 92, C19, 0, 0.0028669066014736103
26, 86, C16, 0, 9.215399252639292E-20
26, 84, C15, 0, 8.350465619469706E-11
26, 82, C15, 0, 2.859186631187511E-11
26, 80, C15, 0, 3.968800829030277E-4
26, 76, C12, 0, 4.530356290993407E-20
26, 74, C12, 0, 1.55093533558533E-20
26, 64, C10, 0, 2.669213962695923E-5
26, 63, C10, 0, 2.1979980527621563E-20
26, 62, C10, 0, 2.0519566780947873E-14
26, 60, C10, 0, 1.605840704651715E-15
26, 53, C8, 0, 2.0519571253872828E-14
26, 52, C8, 0, 1.0145263871920619E-8
26, 50, C8, 0, 2.983936246195841E-9
26, 48, C8, 0, 1.2448111931924609E-5
26, 41, C6, 0, 1.0710855603107596E-15
26, 40, C6, 0, 1.3127703135573734E-21
26, 20, C4, 0, 1.2962606023336957E-41
27, 205, C14, 1, 0.3607949229424786
27, 204, C14, 1, 4.79627977358381E-7
27, 203, C14, 1, 9.224057800426094
27, 189, C17, 1, 0.018627422375626215
27, 188, C17, 1, 4.9769040727827284E-9
27, 187, C17, 1, 4.9769040727827284E-9
27, 186, C17, 1, 0.02773030700463275
27, 182, C21, 1, 4.043507405365487E-18
27, 181, C21, 1, 2.2235488613497637E-5
27, 179, C21, 1, 0.05495455021901868
27, 177, C22, 1, 0.1326667920100174
27, 175, C24, 1, 1.7472439734274298E-19
27, 174, C24, 1, 2.699497927890942E-14
27, 171, C24, 1, 7.52052871595747E-8
27, 163, C23, 1, 3.801841034227661E-14
27, 160, C23, 1, 3.992979786314221E-16
27, 159, C23, 1, 1.320432790284483E-4
27, 156, C26, 1, 1.3627627256823662E-15
27, 155, C26, 1, 1.7727008245662733E-6
27, 153, C26, 1, 4.282844172893305E-6
27, 150, C25, 1, 2.2840471888341363E-19
27, 149, C25, 1, 9.699285918785605E-4
27, 147, C25, 1, 2.971117971757396E-10
27, 145, C28, 1, 3.711915721712376E-12
27, 144, C28, 1, 1.5374036235189426E-12
27, 143, C28, 1, 0.001999876148460527
27, 142, C28, 1, 8.929315511637519E-16
27, 141, C28, 1, 0.0028866306292648063
27, 139, C27, 1, 1.0145551164728852E-9
27, 138, C27, 1, 7.178566458170107E-10
27, 137, C27, 1, 2.576750386969373E-16
27, 136, C27, 1, 8.781625977109055E-4
27, 135, C27, 1, 3.641749604205197E-16
27, 134, C27, 1, 0.0020487659911930965
27, 132, C32, 0, 3.6101985881817616E-6
27, 125, C30, 1, 3.7127892681213684E-9
27, 118, C31, 0, 1.2958827731609496E-12
27, 116, C31, 0, 4.72547069453601E-19
27, 115, C31, 0, 4.651578357137075E-19
27, 114, C31, 0, 1.4952020449417896E-6
27, 113, C29, 1, 0.0028264469111738233
27, 113, C29, 0, 3.161700162053232E-15
27, 112, C29, 1, 6.21575748642198E-16
27, 112, C29, 0, 1.3878324914465978E-15
27, 109, C29, 1, 6.21575748642198E-16
27, 109, C29, 0, 1.3881891174077395E-15
27, 108, C29, 0, 1.8208859615653943E-9
27, 106, C29, 0, 7.276948864697535E-10
27, 104, C29, 0, 0.006488327767834217
27, 97, C19, 0, 2.612065755612468E-16
27, 96, C19, 0, 2.748457938369518E-10
27, 94, C19, 0, 4.7029707830550256E-8
27, 92, C19, 0, 0.0011202214862503545
27, 87, C16, 0, 2.5047834846828096E-29
27, 86, C16, 0, 3.2035647953164543E-20
27, 85, C15, 0, 1.6881344571370506E-14
27, 84, C15, 0, 1.3114171599005626E-16
27, 82, C15, 0, 1.9372897125221374E-6
27, 80, C15, 0, 1.4098779686063374E-4
27, 76, C12, 0, 1.550934220975663E-20
27, 74, C12, 0, 8.729483942476366E-25
27, 64, C10, 0, 8.78358287586936E-6
27, 63, C10, 0, 7.349699202355062E-21
27, 62, C10, 0, 4.0287660924135406E-11
27, 60, C10, 0, 1.881143292261562E-8
27, 53, C8, 0, 4.033409433703781E-11
27, 52, C8, 0, 1.1236319259250894E-10
27, 49, C8, 0, 1.4461278095183788E-17
27, 48, C8, 0, 3.6456370477963233E-6
27, 41, C6, 0, 6.316681843013589E-22
27, 21, C4, 0, 3.0554299030735866E-42
28, 205, C14, 1, 0.3607949012674565
28, 204, C14, 1, 4.796279790567614E-7
28, 203, C14, 1, 9.224057320798115
28, 189, C17, 1, 0.018627415689305087
28, 188, C17, 1, 4.976902705634988E-9
28, 187, C17, 1, 4.976902705634988E-9
28, 186, C17, 1, 0.027730302017070857
28, 185, C17, 1, 1.7864605364303746E-15
28, 182, C21, 1, 2.8588189687685235E-18
28, 181, C21, 1, 6.512033431915785E-6
28, 179, C21, 1, 0.01609435594080994
28, 178, C21, 1, 1.0914430282946205E-9
28, 177, C22, 1, 0.03885368115333382
28, 175, C24, 1, 2.105580561994935E-23
28, 171, C24, 1, 0.1326667664143381
28, 160, C23, 1, 1.533993322344769E-16
28, 159, C23, 1, 6.085903660234166E-5
28, 157, C26, 1, 1.9089042828737167E-14
28, 153, C26, 1, 1.3074824444351808E-6
28, 151, C25, 1, 1.9954399817806562E-7
28, 149, C25, 1, 3.7723241365356764E-4
28, 146, C25, 1, 2.6363063473256303E-13
28, 144, C28, 1, 6.750867423191542E-13
28, 143, C28, 1, 8.781622818188705E-4
28, 142, C28, 1, 2.6300355480042197E-16
28, 141, C28, 1, 8.501991328053742E-4
28, 139, C27, 1, 5.200297554785496E-10
28, 138, C27, 1, 3.152168350999009E-10
28, 137, C27, 1, 1.131472567058992E-16
28, 136, C27, 1, 3.429344190033812E-4
28, 135, C27, 1, 1.8666487487561184E-16
28, 134, C27, 1, 9.429496856241332E-4
28, 132, C32, 0, 1.0573068265254997E-6
28, 118, C31, 0, 3.7952086816640386E-13
28, 116, C31, 0, 1.6446424641264458E-19
28, 115, C31, 0, 1.362292248193546E-19
28, 113, C29, 1, 0.001448749684513163
28, 113, C29, 0, 1.3878319932835388E-15
28, 112, C29, 0, 5.911576849780128E-16
28, 111, C29, 1, 5.200294978034727E-10
28, 109, C29, 0, 5.911579195909717E-16
28, 108, C29, 1, 6.215753019346878E-16
28, 108, C29, 0, 7.276943634976593E-10
28, 106, C29, 0, 2.843411246250304E-10
28, 104, C29, 0, 0.002692360594908989
28, 97, C19, 0, 1.0206443882495484E-16
28, 96, C19, 0, 4.7013948340257764E-8
28, 94, C19, 0, 1.6706847180458476E-8
28, 92, C19, 0, 4.2775599650672597E-4
28, 90, C16, 0, 1.937280825306346E-6
28, 87, C16, 0, 8.707421101827766E-30
28, 86, C16, 0, 1.096716891792124E-20
28, 85, C15, 0, 5.9969320042089696E-15
28, 84, C15, 0, 8.885726258607922E-12
28, 83, C15, 0, 2.4960991309982757E-19
28, 82, C15, 0, 6.375039611781704E-7
28, 80, C15, 0, 4.943670502194099E-5
28, 76, C12, 0, 8.729477668863943E-25
28, 74, C12, 0, 1.0226051759508743E-17
28, 64, C10, 0, 2.5724186382462754E-6
28, 63, C10, 0, 1.4430235907017094E-17
28, 62, C10, 0, 1.1798912962648467E-11
28, 60, C10, 0, 5.509241655270033E-9
28, 53, C8, 0, 1.179942723281261E-11
28, 49, C8, 0, 4.235226311476162E-18
28, 48, C8, 0, 1.0676855700646173E-6
28, 40, C6, 0, 1.1336878077072005E-28
28, 20, C4, 0, 3.877734829747932E-49
29, 205, C14, 1, 0.3607948795924331
29, 204, C14, 1, 4.796279807551484E-7
29, 203, C14, 1, 9.224056841170135
29, 189, C17, 1, 0.01862740900298636
29, 188, C17, 1, 4.976901810491336E-9
29, 187, C17, 1, 4.976901810491336E-9
29, 186, C17, 1, 0.027730297799653206
29, 182, C21, 1, 8.372527819836034E-19
29, 181, C21, 1, 1.9071575244270564E-6
29, 179, C21, 1, 0.004713500376531871
29, 177, C22, 1, 0.011378948087106378
29, 175, C24, 1, 1.1790588564880155E-25
29, 174, C24, 1, 1.3946545259928214E-8
29, 171, C24, 1, 0.07770734086400106
29, 160, C23, 1, 7.070208831470687E-17
29, 159, C23, 1, 2.4321697545306523E-5
29, 153, C26, 1, 0.09381344200090155
29, 150, C25, 1, 2.57060738249918E-20
29, 149, C25, 1, 1.5342228269542947E-4
29, 145, C28, 1, 3.3187278876665396E-13
29, 144, C28, 1, 2.636305398995358E-13
29, 143, C28, 1, 3.4293429564325205E-4
29, 142, C28, 1, 1.0790126052702507E-10
29, 141, C28, 1, 2.499195507900225E-4
29, 140, C28, 1, 5.686309376002691E-13
29, 139, C27, 1, 2.393449937128174E-10
29, 138, C27, 1, 1.230964544457354E-10
29, 137, C27, 1, 4.418554017377752E-17
29, 136, C27, 1, 1.3337680700284632E-4
29, 135, C27, 1, 8.591297680538139E-17
29, 134, C27, 1, 4.0953533826596774E-4
29, 125, C30, 1, 7.396830812591818E-4
29, 116, C31, 0, 4.816609563271656E-20
29, 113, C29, 1, 6.667906756711657E-4
29, 113, C29, 0, 5.911574727817121E-16
29, 112, C29, 1, 5.200291240742193E-10
29, 112, C29, 0, 6.833903593767094E-10
29, 109, C29, 1, 5.200291240744424E-10
29, 109, C29, 0, 6.833906205828145E-10
29, 108, C29, 0, 2.8434092027774676E-10
29, 106, C29, 0, 1.0857551172218875E-10
29, 105, C29, 1, 1.1137246751782355E-12
29, 105, C29, 0, 1.4635886160640048E-12
29, 104, C29, 0, 0.0010909830879832516
29, 98, C20, 0, 9.686402384338784E-7
29, 97, C19, 0, 3.8979297312672563E-17
29, 96, C19, 0, 1.6701248774512443E-8
29, 94, C19, 0, 5.858177050056356E-9
29, 92, C19, 0, 1.602279566756322E-4
29, 87, C16, 0, 2.9809216970679094E-30
29, 86, C16, 0, 6.172902426475926E-25
29, 85, C15, 0, 2.10279641562091E-15
29, 84, C15, 0, 2.9240261026486414E-12
29, 82, C15, 0, 1.86703660097047E-7
29, 80, C15, 0, 1.6864077988908015E-5
29, 76, C12, 0, 1.0226044410358922E-17
29, 74, C12, 0, 2.994869691968088E-18
29, 64, C10, 0, 7.533756718543932E-7
29, 63, C10, 0, 4.2261350893017755E-18
29, 53, C8, 0, 3.455508309660959E-12
29, 52, C8, 0, 4.443195850219986E-13
29, 41, C6, 0, 1.4410471394395016E-18
29, 21, C4, 0, 9.140250759508717E-50
