# timeInterval, linkID, cellName, groupID, groupSizeOnLink 
0, 10, C2, 1, 1.0014337667119437
0, 10, C2, 0, 1.0014337667119437
0, 4, C1, 1, 0.162644624780049
0, 4, C1, 0, 0.162644624780049
0, 0, C1, 1, 3.8359216085080075
0, 0, C1, 0, 3.8359216085080075
1, 28, C4, 1, 0.3310148904548034
1, 28, C4, 0, 0.3310148904548034
1, 22, C4, 1, 0.3310148904548034
1, 22, C4, 0, 0.3310148904548034
1, 20, C4, 1, 0.3310148904548034
1, 20, C4, 0, 0.3310148904548034
1, 16, C3, 1, 0.03831267366571299
1, 16, C3, 0, 0.03831267366571299
1, 14, C3, 1, 0.03831267366571299
1, 14, C3, 0, 0.03831267366571299
1, 11, C2, 1, 1.0481820580346292E-7
1, 11, C2, 0, 1.0481820580346292E-7
1, 10, C2, 1, 0.9586759436944169
1, 10, C2, 0, 0.9586759436944169
1, 5, C1, 1, 1.2131979040749354E-8
1, 5, C1, 0, 1.2131979040749354E-8
1, 4, C1, 1, 0.4656877166366777
1, 4, C1, 0, 0.4656877166366777
1, 0, C1, 1, 2.5059662040228847
1, 0, C1, 0, 2.5059662040228847
2, 207, C14, 1, 0.1641842509635906
2, 203, C14, 1, 0.1641842509635906
2, 38, C6, 0, 0.11610015431592188
2, 36, C6, 0, 0.11610015431592188
2, 32, C5, 0, 0.013546081882680371
2, 30, C5, 0, 0.013546081882680371
2, 29, C4, 1, 5.229087038656728E-8
2, 29, C4, 0, 5.927549816831768E-4
2, 28, C4, 1, 0.9550469372469433
2, 28, C4, 0, 0.0026463361301746757
2, 27, C4, 1, 1.0657723477749402E-10
2, 27, C4, 0, 0.3277757993429456
2, 26, C4, 1, 0.3666811112064579
2, 25, C4, 1, 4.7229917451047966E-4
2, 25, C4, 0, 4.1674214385836526E-8
2, 24, C4, 0, 0.1833406138651932
2, 23, C4, 1, 1.0458172415301884E-7
2, 23, C4, 0, 1.0657725170836441E-10
2, 22, C4, 1, 0.0026463367484084706
2, 22, C4, 0, 0.0026466779947729954
2, 21, C4, 1, 0.23172805120691198
2, 21, C4, 0, 7.536431376097858E-11
2, 20, C4, 1, 0.09881454007338096
2, 20, C4, 0, 1.0512147999438834
2, 19, C3, 1, 0.027092158913402466
2, 19, C3, 0, 4.8623735583571024E-9
2, 18, C3, 0, 0.1833406138651932
2, 17, C3, 1, 9.72474537510109E-9
2, 17, C3, 0, 1.0413542552096792E-11
2, 16, C3, 1, 0.011220617389087957
2, 16, C3, 0, 0.3242983582650696
2, 15, C3, 0, 1.4094299005041574E-10
2, 14, C3, 1, 0.3130278597792461
2, 14, C3, 0, 1.1237946798739033E-7
2, 11, C2, 1, 9.873768865062751E-14
2, 10, C2, 1, 1.6910156190789227
2, 10, C2, 0, 0.7775801364123743
2, 5, C1, 1, 4.999347620364932E-5
2, 4, C1, 1, 0.15260975225225965
2, 4, C1, 0, 1.0660451740381323
2, 0, C1, 1, 0.8212260379590339
2, 0, C1, 0, 0.8212260379590341
3, 207, C14, 1, 0.5658719466530051
3, 206, C14, 1, 1.9644673443296357E-8
3, 205, C14, 1, 0.054728077106305464
3, 204, C14, 1, 0.038700047591105464
3, 203, C14, 1, 0.6139560409518758
3, 202, C14, 1, 1.3891403414202962E-8
3, 200, C13, 1, 0.054728077106305464
3, 199, C13, 1, 0.054728077106305464
3, 193, C18, 1, 0.038700047591105464
3, 191, C18, 1, 0.038700047591105464
3, 50, C8, 0, 0.04104913717788265
3, 48, C8, 0, 0.04104913717788265
3, 44, C7, 0, 0.004789442156225632
3, 42, C7, 0, 0.004789442156225632
3, 41, C6, 0, 1.4734610416190389E-8
3, 40, C6, 0, 0.06482311804946839
3, 39, C6, 0, 4.9832734218949104E-11
3, 38, C6, 0, 3.1001082526012613E-7
3, 37, C6, 0, 3.155650028037157E-11
3, 36, C6, 0, 0.8976607291398293
3, 35, C5, 0, 1.7191729019066226E-9
3, 34, C5, 0, 0.06482311804946839
3, 32, C5, 0, 1.4812469805034174E-7
3, 31, C5, 0, 3.681880866114551E-12
3, 30, C5, 0, 0.41662765160124976
3, 29, C4, 1, 2.4684777755249E-14
3, 29, C4, 0, 4.14587941816781E-5
3, 28, C4, 1, 1.8684796455873431
3, 28, C4, 0, 1.7999531980261588E-4
3, 27, C4, 0, 0.11422482056344976
3, 26, C4, 1, 0.46804960604603457
3, 25, C4, 1, 1.2106141493365025E-4
3, 24, C4, 0, 0.12171166088419087
3, 23, C4, 1, 3.834118006395834E-8
3, 23, C4, 0, 2.0497553863205758E-13
3, 22, C4, 1, 1.799956615923497E-4
3, 22, C4, 0, 1.8029122457732046E-4
3, 21, C4, 1, 0.14404427409334253
3, 20, C4, 1, 0.033692162736400195
3, 20, C4, 0, 1.1180674081106439
3, 19, C3, 1, 0.007934427638394723
3, 18, C3, 0, 0.10924246931833202
3, 17, C3, 1, 2.8478429749202032E-9
3, 16, C3, 1, 0.003286239257508403
3, 16, C3, 0, 1.114102774640797
3, 14, C3, 1, 0.14586793554031155
3, 14, C3, 0, 3.6578681957974916E-7
3, 11, C2, 1, 5.0166227064355134E-14
3, 10, C2, 1, 0.8253419589508425
3, 10, C2, 0, 0.1580604833952714
3, 5, C1, 1, 2.8871890566926554E-5
3, 4, C1, 1, 0.006716753722243095
3, 4, C1, 0, 0.6924315746032551
3, 0, C1, 1, 0.0361443004092109
3, 0, C1, 0, 0.036144300409210794
4, 207, C14, 1, 0.9672417703886173
4, 206, C14, 1, 4.958574828920553E-15
4, 205, C14, 1, 1.9492310837518528E-5
4, 204, C14, 1, 1.3717971199815496E-5
4, 203, C14, 1, 1.1470026216005498
4, 199, C13, 1, 0.6043588449626864
4, 198, C13, 1, 9.822334955007164E-9
4, 197, C13, 1, 0.05472805746163907
4, 196, C13, 1, 2.103608490530599E-11
4, 195, C18, 1, 0.006841522799372167
4, 194, C18, 1, 0.01290001432021274
4, 193, C18, 1, 0.2443522937051246
4, 192, C18, 1, 4.6304672506984E-9
4, 191, C18, 1, 0.25568624764297304
4, 190, C18, 1, 2.4557683798661724E-9
4, 189, C17, 1, 0.02736403363146721
4, 188, C17, 1, 0.01290001432021274
4, 187, C17, 1, 0.01290001432021274
4, 185, C17, 1, 0.02736403363146721
4, 169, C23, 1, 0.006841522799372167
4, 167, C23, 1, 0.006841522799372167
4, 163, C23, 1, 0.006841522799372167
4, 64, C10, 0, 0.009675736574168075
4, 62, C10, 0, 0.009675736574168075
4, 60, C10, 0, 0.009675736574168075
4, 56, C9, 0, 0.0016933867937975525
4, 54, C9, 0, 0.0016933867937975525
4, 53, C8, 0, 3.4731109765412365E-9
4, 52, C8, 0, 0.02291928964943495
4, 51, C8, 0, 1.7619190559698317E-11
4, 50, C8, 0, 2.5111241541759916E-7
4, 49, C8, 0, 7.438216851974418E-12
4, 48, C8, 0, 0.7115957638247183
4, 47, C7, 0, 6.078421230245132E-10
4, 46, C7, 0, 0.02291928964943495
4, 44, C7, 0, 1.0575085055475055E-7
4, 43, C7, 0, 1.3017901107563872E-12
4, 42, C7, 0, 0.36083695694802403
4, 40, C6, 0, 1.6133389538610044E-6
4, 38, C6, 0, 2.8797138861035146E-7
4, 36, C6, 0, 1.0651676010386328
4, 32, C5, 0, 3.2177783219145204E-7
4, 30, C5, 0, 1.018456911883086
4, 29, C4, 0, 5.0213074858159134E-6
4, 28, C4, 1, 1.1403242977973367
4, 28, C4, 0, 2.1716778738255297E-5
4, 27, C4, 0, 0.043356219155915324
4, 26, C4, 1, 0.3309693632063483
4, 25, C4, 1, 3.3895030329489395E-5
4, 24, C4, 0, 0.050269515618595155
4, 23, C4, 1, 7.2086762069503954E-9
4, 23, C4, 0, 3.4219030133059813E-15
4, 22, C4, 1, 2.171685947858355E-5
4, 22, C4, 0, 2.1808672463858942E-5
4, 21, C4, 1, 0.07540623852392517
4, 20, C4, 1, 0.01274182516217581
4, 20, C4, 0, 0.5809274141009068
4, 19, C3, 1, 0.002327691226472496
4, 18, C3, 0, 0.03567641008025369
4, 17, C3, 1, 8.250325709976262E-10
4, 16, C3, 1, 9.640404745988346E-4
4, 16, C3, 0, 1.0192592404991911
4, 15, C3, 0, 2.697309331652996E-11
4, 14, C3, 1, 0.006815074275895865
4, 14, C3, 0, 2.46007067864782E-7
4, 11, C2, 1, 1.3874846148571299E-14
4, 10, C2, 1, 0.03619550738551396
4, 10, C2, 0, 0.0019522097573958406
4, 5, C1, 1, 2.614187151727183E-6
4, 4, C1, 0, 0.034196332132480585
5, 207, C14, 1, 0.013737348642608574
5, 206, C14, 1, 1.477846341663942E-18
5, 205, C14, 1, 1.6049008363095004E-4
5, 204, C14, 1, 3.0826443942989364E-10
5, 203, C14, 1, 1.6960753170486909
5, 200, C13, 1, 7.351159333487584E-10
5, 199, C13, 1, 0.9562512893096946
5, 197, C13, 1, 0.01602802788733619
5, 195, C18, 1, 2.3176750238848375E-8
5, 194, C18, 1, 9.753269027941285E-8
5, 193, C18, 1, 0.40100496283425696
5, 192, C18, 1, 3.5257312163930917E-15
5, 191, C18, 1, 0.4758869418192905
5, 187, C17, 1, 0.2785577496381646
5, 186, C17, 1, 5.7880828132320156E-9
5, 185, C17, 1, 0.6639726025395334
5, 184, C17, 1, 1.2396095435130907E-11
5, 183, C21, 1, 0.016125014417499337
5, 182, C21, 1, 0.0017103805463575318
5, 180, C21, 1, 0.0017103805463575318
5, 179, C21, 1, 0.016125014417499337
5, 175, C24, 1, 0.001209467097014289
5, 173, C24, 1, 0.001209467097014289
5, 169, C23, 1, 0.06456808649970341
5, 168, C23, 1, 6.139420398728348E-10
5, 167, C23, 1, 0.06657174047687951
5, 166, C23, 1, 4.341388811287438E-10
5, 165, C23, 1, 0.0017103805463575318
5, 164, C23, 1, 0.001209467097014289
5, 163, C23, 1, 0.06456808649970341
5, 162, C23, 1, 6.139420398728348E-10
5, 161, C23, 1, 0.001209467097014289
5, 160, C23, 1, 0.0017103805463575318
5, 159, C23, 1, 0.0017103805463575318
5, 158, C23, 1, 0.0017103805463575318
5, 151, C25, 1, 0.0017103805463575318
5, 149, C25, 1, 0.0017103805463575318
5, 82, C15, 0, 0.004837866550529173
5, 80, C15, 0, 0.004837866550529173
5, 79, C12, 0, 0.002280678072948472
5, 74, C12, 0, 0.002280678072948472
5, 72, C12, 0, 0.002280678072948472
5, 70, C11, 0, 0.0011974498173748982
5, 69, C10, 0, 8.186506513893294E-10
5, 68, C10, 0, 0.003789707334911585
5, 66, C10, 0, 0.003789707334911585
5, 65, C10, 0, 1.7365548649332929E-9
5, 64, C10, 0, 0.2630559828971164
5, 63, C10, 0, 1.3603175367444257E-9
5, 62, C10, 0, 9.442409005676892E-8
5, 61, C10, 0, 8.186506513893294E-10
5, 60, C10, 0, 0.26588968361513776
5, 59, C9, 0, 4.298252719782877E-10
5, 58, C9, 0, 0.003789707334911585
5, 57, C9, 0, 2.9133353049159557E-12
5, 56, C9, 0, 9.158973239144044E-8
5, 55, C9, 0, 9.205388491839419E-13
5, 54, C9, 0, 0.27857496653479624
5, 53, C8, 0, 3.389327908225577E-14
5, 52, C8, 0, 3.567070134752234E-7
5, 50, C8, 0, 2.7034780801988513E-7
5, 48, C8, 0, 0.9615713498997562
5, 47, C7, 0, 3.2875893843889654E-14
5, 44, C7, 0, 1.2067976010479507E-4
5, 42, C7, 0, 0.825712492030878
5, 40, C6, 0, 6.084147919911143E-7
5, 38, C6, 0, 1.6288557226940847E-7
5, 36, C6, 0, 0.766217087689897
5, 35, C5, 0, 9.26835625306106E-14
5, 32, C5, 0, 1.266284776087196E-4
5, 30, C5, 0, 1.054554187306228
5, 29, C4, 0, 4.16841207757885E-8
5, 28, C4, 1, 0.10565785915282548
5, 27, C4, 0, 0.013174171247633369
5, 26, C4, 1, 0.10960193384017348
5, 25, C4, 1, 1.7294507156190383E-5
5, 24, C4, 0, 0.030906673246088683
5, 22, C4, 1, 2.9432461859206255E-11
5, 21, C4, 1, 0.03173480595704433
5, 20, C4, 1, 0.0038654411840562024
5, 20, C4, 0, 0.17819099394217283
5, 19, C3, 1, 6.816610788064376E-4
5, 19, C3, 0, 7.780463778108339E-14
5, 18, C3, 0, 6.692127206484601E-5
5, 17, C3, 1, 2.4444924993328084E-10
5, 16, C3, 1, 2.823791513431471E-4
5, 16, C3, 0, 0.3327451502358904
5, 14, C3, 0, 4.579720046144709E-6
5, 10, C2, 1, 2.614187149897078E-6
5, 5, C1, 0, 3.209169516980865E-15
6, 207, C14, 1, 4.468956281843438E-5
6, 206, C14, 1, 2.2055531863448194E-19
6, 205, C14, 1, 0.013690948975235309
6, 203, C14, 1, 0.6837810947171198
6, 199, C13, 1, 2.508845733659711E-5
6, 198, C13, 1, 5.142921946165365E-11
6, 197, C13, 1, 0.004694346003934069
6, 195, C18, 1, 2.167688049257536E-14
6, 194, C18, 1, 0.40100036077783197
6, 193, C18, 1, 3.1973903246984576E-6
6, 191, C18, 1, 1.3349884846652427
6, 189, C17, 1, 0.0702180564489289
6, 188, C17, 1, 5.164904346519234E-14
6, 187, C17, 1, 6.473836678011491E-6
6, 186, C17, 1, 2.8341658678730634E-11
6, 185, C17, 1, 1.0918073756416933
6, 183, C21, 1, 1.2564388962400181E-4
6, 182, C21, 1, 5.50846706539065E-14
6, 181, C21, 1, 2.197409189969652E-6
6, 180, C21, 1, 8.89035722517482E-5
6, 179, C21, 1, 0.7543696788805477
6, 178, C21, 1, 1.0078857068712283E-11
6, 177, C22, 1, 0.013110718322183069
6, 175, C24, 1, 3.8818647321095787E-11
6, 174, C24, 1, 4.341387249606652E-10
6, 173, C24, 1, 0.05049583967759131
6, 172, C24, 1, 2.1706940152234526E-10
6, 171, C24, 1, 0.0012094666619457872
6, 170, C24, 1, 4.648884793366001E-13
6, 168, C23, 1, 4.3367441209857113E-10
6, 167, C23, 1, 0.1877532117209422
6, 166, C23, 1, 2.203747543426762E-16
6, 165, C23, 1, 0.04151155831915725
6, 164, C23, 1, 2.203747543426762E-16
6, 163, C23, 1, 0.1682566175267188
6, 162, C23, 1, 1.5583436270907387E-16
6, 160, C23, 1, 2.170694016057533E-10
6, 159, C23, 1, 0.042012471768500495
6, 158, C23, 1, 5.009134493474799E-4
6, 157, C26, 1, 6.047334397399995E-4
6, 156, C26, 1, 5.7012678057007E-4
6, 155, C26, 1, 5.7012678057007E-4
6, 153, C26, 1, 6.047334397399995E-4
6, 151, C25, 1, 0.033493504335605766
6, 150, C25, 1, 2.0464732213818856E-10
6, 149, C25, 1, 0.03399441778494901
6, 148, C25, 1, 1.4471294306131774E-10
6, 147, C25, 1, 5.7012678057007E-4
6, 146, C25, 1, 4.031556507671154E-4
6, 136, C27, 1, 4.031556507671154E-4
6, 134, C27, 1, 4.031556507671154E-4
6, 94, C19, 0, 0.0011403387635907673
6, 92, C19, 0, 0.0011403387635907673
6, 90, C16, 0, 0.001612621990559207
6, 89, C16, 0, 0.001612621990559207
6, 88, C16, 0, 0.0011403388313732925
6, 86, C16, 0, 0.0011403388313732925
6, 85, C15, 0, 0.0011403387635907673
6, 84, C15, 0, 0.001612621990559207
6, 83, C15, 0, 5.788515523847364E-10
6, 82, C15, 0, 0.13286790533497458
6, 81, C15, 0, 4.093252277429932E-10
6, 80, C15, 0, 0.13428475518540622
6, 79, C12, 0, 1.4453984840989417E-10
6, 77, C12, 0, 8.766348119818395E-13
6, 76, C12, 0, 0.005758801829021658
6, 74, C12, 0, 1.4745318370367293E-10
6, 73, C12, 0, 4.0932525207356804E-10
6, 72, C12, 0, 0.19180916487537475
6, 70, C11, 0, 0.20074570620414944
6, 69, C10, 0, 2.4225459859421413E-14
6, 67, C10, 0, 1.7264190511977108E-16
6, 66, C10, 0, 0.0011098789609413876
6, 65, C10, 0, 1.694678897270365E-14
6, 64, C10, 0, 0.33997237729606933
6, 63, C10, 0, 3.3462017866319044E-14
6, 62, C10, 0, 1.220332680841743E-7
6, 61, C10, 0, 2.4225459859421413E-14
6, 60, C10, 0, 0.4178426030671284
6, 59, C9, 0, 3.364578765717683E-5
6, 56, C9, 0, 0.5826389582707002
6, 55, C9, 0, 1.1849217541795715E-11
6, 54, C9, 0, 0.0828331354526228
6, 53, C8, 0, 4.379028432341875E-14
6, 52, C8, 0, 1.2094967723851802E-4
6, 50, C8, 0, 1.9442486171086816E-7
6, 48, C8, 0, 0.8234433188327911
6, 47, C7, 0, 2.0907341626187488E-7
6, 44, C7, 0, 0.3727754752197716
6, 43, C7, 0, 7.5043497163859E-14
6, 42, C7, 0, 0.6147171639868414
6, 40, C6, 0, 1.2676276438638485E-4
6, 38, C6, 0, 5.632250586875821E-8
6, 36, C6, 0, 0.38131145612386724
6, 35, C5, 0, 2.865292135553478E-10
6, 32, C5, 0, 5.029384603941743E-4
6, 30, C5, 0, 0.5437462289610615
6, 28, C4, 1, 0.022443353285756543
6, 27, C4, 0, 0.0038582756207304527
6, 26, C4, 1, 0.03279770837021184
6, 25, C4, 1, 5.8414604147949875E-6
6, 24, C4, 0, 0.009318914790940255
6, 23, C4, 0, 7.160390221411824E-12
6, 22, C4, 1, 1.7251305050584914E-11
6, 21, C4, 1, 0.012021607689659056
6, 20, C4, 1, 0.0011320588751638297
6, 20, C4, 0, 0.0521862441280978
6, 19, C3, 1, 1.9967963887799927E-4
6, 19, C3, 0, 3.8663100154262607E-13
6, 18, C3, 0, 1.5605532900763226E-6
6, 17, C3, 1, 7.167511643820413E-11
6, 16, C3, 1, 8.269944079003136E-5
6, 16, C3, 0, 0.09744996299908637
6, 15, C3, 0, 1.2007002158332802E-15
6, 11, C2, 1, 2.89138820307839E-15
6, 10, C2, 0, 3.2086317373794793E-15
6, 5, C1, 1, 2.896686728289523E-14
7, 207, C14, 1, 1.6380890814724094E-8
7, 206, C14, 1, 3.952920221015503E-20
7, 205, C14, 1, 4.4685582767552134E-5
7, 203, C14, 1, 0.2458925093265134
7, 198, C13, 1, 2.4905190259625022E-12
7, 197, C13, 1, 0.0013748174663521587
7, 195, C18, 1, 1.633636145727994E-13
7, 194, C18, 1, 0.07164598493457058
7, 192, C18, 1, 5.005216481057488E-11
7, 191, C18, 1, 0.8915680555783279
7, 189, C17, 1, 0.0033478340834327915
7, 186, C17, 1, 1.2238065145029584E-4
7, 185, C17, 1, 0.3198797798032705
7, 184, C17, 1, 4.3829216245136556E-11
7, 183, C21, 1, 0.7701697847446256
7, 181, C21, 1, 8.940651912509493E-5
7, 180, C21, 1, 5.819286046053761E-16
7, 179, C21, 1, 0.22257963526731495
7, 177, C22, 1, 0.5334389672148415
7, 175, C24, 1, 1.339537469791812E-10
7, 174, C24, 1, 1.1800069420402445E-19
7, 173, C24, 1, 0.17424890779998237
7, 171, C24, 1, 0.013464926085813709
7, 169, C23, 1, 1.0280764431486974E-9
7, 168, C23, 1, 1.2687304269516347E-10
7, 167, C23, 1, 0.057850774464506254
7, 165, C23, 1, 7.569808725918245E-7
7, 163, C23, 1, 1.3373362254518504
7, 162, C23, 1, 1.913898035078695E-15
7, 161, C23, 1, 2.9204818678317826E-5
7, 160, C23, 1, 1.1419164968925885E-11
7, 159, C23, 1, 0.012785075987589382
7, 158, C23, 1, 1.4670085220765087E-4
7, 156, C26, 1, 2.605802823457731E-11
7, 155, C26, 1, 0.03450138101529578
7, 154, C26, 1, 1.7907213359282684E-10
7, 153, C26, 1, 0.052098308279953064
7, 152, C26, 1, 3.8351131616751663E-13
7, 151, C25, 1, 0.09898251847796644
7, 150, C25, 1, 5.1944771991755546E-17
7, 149, C25, 1, 0.10893835014642912
7, 148, C25, 1, 3.6729127949343835E-17
7, 147, C25, 1, 1.4471289100527912E-10
7, 145, C28, 1, 4.988768870679517E-4
7, 144, C28, 1, 1.3438520084315785E-4
7, 143, C28, 1, 1.3438520084315785E-4
7, 141, C28, 1, 4.988768870679517E-4
7, 139, C27, 1, 9.502825502289168E-5
7, 138, C27, 1, 1.3438520084315785E-4
7, 137, C27, 1, 4.8237641915463197E-11
7, 136, C27, 1, 0.012304354163455362
7, 135, C27, 1, 3.4110444519821206E-11
7, 134, C27, 1, 0.012422425015043353
7, 113, C29, 1, 9.502825502289168E-5
7, 111, C29, 1, 9.502825502289168E-5
7, 106, C29, 0, 2.687904848482195E-4
7, 104, C29, 0, 2.687904848482195E-4
7, 103, C20, 0, 3.8011287571634703E-4
7, 102, C20, 0, 0.0012094965772191891
7, 100, C20, 0, 3.8011287571634703E-4
7, 98, C20, 0, 0.0012094965772191891
7, 97, C19, 0, 2.687904848482195E-4
7, 96, C19, 0, 3.8011287571634703E-4
7, 95, C19, 0, 1.3644172625572014E-10
7, 94, C19, 0, 0.04828491560438142
7, 93, C19, 0, 9.648249269296155E-11
7, 92, C19, 0, 0.048618882816945035
7, 91, C16, 0, 4.341494630645421E-10
7, 90, C16, 0, 0.135148534314385
7, 88, C16, 0, 1.4617325311603245E-9
7, 87, C16, 0, 9.297997887928936E-13
7, 86, C16, 0, 0.19782792394114632
7, 85, C15, 0, 1.7331897070726443E-8
7, 84, C15, 0, 4.7692990700375644E-8
7, 83, C15, 0, 1.7119425300165932E-14
7, 82, C15, 0, 0.17037843974811795
7, 81, C15, 0, 6.1174044835893474E-15
7, 80, C15, 0, 0.20970596838341726
7, 79, C12, 0, 2.2714250246330767E-10
7, 76, C12, 0, 0.20243212347696127
7, 74, C12, 0, 2.2714250277797623E-10
7, 72, C12, 0, 0.29547014591930143
7, 70, C11, 0, 0.05856424840057536
7, 69, C10, 0, 3.806945068566915E-14
7, 68, C10, 0, 0.0012452181676394657
7, 66, C10, 0, 0.581752151722239
7, 65, C10, 0, 2.1901618977052616E-14
7, 64, C10, 0, 0.5811587501888512
7, 63, C10, 0, 2.087006220327162E-7
7, 62, C10, 0, 4.4666624605078003E-10
7, 61, C10, 0, 1.7775688673582567E-11
7, 60, C10, 0, 0.12361684164181547
7, 59, C9, 0, 9.815462726044124E-6
7, 58, C9, 0, 9.57260740608472E-13
7, 56, C9, 0, 0.4336731723316483
7, 55, C9, 0, 3.5232592250117324E-12
7, 54, C9, 0, 0.025187864679220406
7, 53, C8, 0, 7.487522637006725E-14
7, 52, C8, 0, 0.37276528738585457
7, 51, C8, 0, 2.8654446485519196E-10
7, 50, C8, 0, 9.682781213647517E-8
7, 48, C8, 0, 0.5109255810047288
7, 47, C7, 0, 7.268208380679495E-5
7, 46, C7, 0, 2.8656225605511846E-10
7, 45, C7, 0, 4.800666046247448E-14
7, 44, C7, 0, 0.3836899269974901
7, 43, C7, 0, 2.6078276428798612E-11
7, 42, C7, 0, 0.18086426210689588
7, 40, C6, 0, 5.029108115783571E-4
7, 38, C6, 0, 1.659124401665361E-8
7, 36, C6, 0, 0.15789494608109444
7, 35, C5, 0, 2.9494774285863586E-10
7, 32, C5, 0, 1.473290830988007E-4
7, 30, C5, 0, 0.22800949540495286
7, 28, C4, 1, 0.008500879511078094
7, 27, C4, 0, 0.001129960320124593
7, 26, C4, 1, 0.009810876550210292
7, 25, C4, 1, 1.7107690424961232E-6
7, 24, C4, 0, 0.0027278580985263742
7, 22, C4, 1, 6.5350461694789975E-12
7, 21, C4, 1, 0.004319533968926506
7, 20, C4, 1, 3.3154230923964696E-4
7, 20, C4, 0, 0.015283611370812526
7, 19, C3, 1, 5.847951023940506E-5
7, 19, C3, 0, 1.1325658192955161E-13
7, 17, C3, 1, 2.0991252434205036E-11
7, 16, C3, 1, 2.4219909559373866E-5
7, 16, C3, 0, 0.028539845830332436
7, 10, C2, 1, 3.185825546148261E-14
7, 5, C1, 0, 1.9726065327776877E-27
8, 207, C14, 1, 5.541647964881011E-9
8, 206, C14, 1, 1.914264167546451E-21
8, 203, C14, 1, 0.08745219137206045
8, 198, C13, 1, 7.456671232204189E-13
8, 197, C13, 1, 4.0263820864566924E-4
8, 195, C18, 1, 8.915928081214303E-14
8, 194, C18, 1, 0.003471748931999037
8, 193, C18, 1, 6.24100686688627E-8
8, 192, C18, 1, 2.5724891547530133E-12
8, 191, C18, 1, 0.43504747787633236
8, 189, C17, 1, 9.701019004624804E-4
8, 188, C17, 1, 4.3121629294780095E-16
8, 187, C17, 1, 2.572493076950916E-12
8, 186, C17, 1, 3.781129720983512E-5
8, 185, C17, 1, 0.09368420220161644
8, 183, C21, 1, 0.22569392488883666
8, 181, C21, 1, 2.6059062042608744E-5
8, 180, C21, 1, 1.7028936788334162E-16
8, 179, C21, 1, 0.06568006785396185
8, 178, C21, 1, 9.349726215242527E-12
8, 177, C22, 1, 0.15736267139775217
8, 175, C24, 1, 3.141799268432016E-11
8, 173, C24, 1, 0.0408689645472053
8, 171, C24, 1, 0.5373822026746493
8, 168, C23, 1, 3.66825746661442E-11
8, 167, C23, 1, 0.01847613657750961
8, 166, C23, 1, 2.429323338411084E-12
8, 165, C23, 1, 0.0016460873748413577
8, 164, C23, 1, 5.2027804227147256E-15
8, 163, C23, 1, 0.7016718292361656
8, 161, C23, 1, 6.8734713094125325E-6
8, 160, C23, 1, 1.4840836379028635E-14
8, 159, C23, 1, 0.7724446973189179
8, 158, C23, 1, 4.304786051318713E-5
8, 157, C26, 1, 3.417745752269937E-9
8, 156, C26, 1, 7.60800020156316E-11
8, 155, C26, 1, 0.09896593131323235
8, 153, C26, 1, 0.19902819781291742
8, 151, C25, 1, 0.0028750476813776543
8, 149, C25, 1, 1.3743443885584163
8, 147, C25, 1, 1.6587088641333225E-5
8, 146, C25, 1, 2.960989777004981E-11
8, 144, C28, 1, 9.532014578484187E-12
8, 143, C28, 1, 0.0128982546657934
8, 142, C28, 1, 8.74327425994129E-11
8, 141, C28, 1, 0.07162229536574423
8, 140, C28, 1, 1.8725105641886272E-13
8, 139, C27, 1, 1.6006851370601846E-9
8, 138, C27, 1, 4.4166531203479005E-9
8, 137, C27, 1, 1.5853600719978569E-15
8, 136, C27, 1, 0.03851696939099061
8, 135, C27, 1, 5.659093497184812E-16
8, 134, C27, 1, 0.04215508359706297
8, 125, C30, 1, 2.4357879464924088E-4
8, 119, C31, 1, 2.2399210218256583E-5
8, 119, C31, 0, 8.959680684219104E-5
8, 117, C31, 1, 2.2399210218256583E-5
8, 117, C31, 0, 8.959680684219104E-5
8, 116, C31, 0, 6.176939999120779E-4
8, 114, C31, 0, 6.176939999120779E-4
8, 113, C29, 1, 0.0044593472045642195
8, 112, C29, 1, 1.7055216137931367E-11
8, 112, C29, 0, 3.411298108826807E-11
8, 111, C29, 1, 0.004487177812851923
8, 110, C29, 1, 8.040208854236034E-12
8, 109, C29, 1, 4.75141104562297E-5
8, 109, C29, 0, 9.503532164652104E-5
8, 108, C29, 1, 2.2399210218256583E-5
8, 108, C29, 0, 8.959680684219104E-5
8, 107, C29, 1, 8.040208854236034E-12
8, 107, C29, 0, 3.2160823201557044E-11
8, 106, C29, 0, 0.017380069653208798
8, 105, C29, 1, 1.7055216137931367E-11
8, 105, C29, 0, 3.411298108826807E-11
8, 104, C29, 0, 0.017458789426538012
8, 103, C20, 0, 3.825541928457339E-11
8, 102, C20, 0, 5.021383276976003E-8
8, 101, C20, 0, 2.2172160173994358E-10
8, 100, C20, 0, 0.049763184765664395
8, 99, C20, 0, 4.748519024149378E-13
8, 98, C20, 0, 0.2757734888420321
8, 97, C19, 0, 6.238585581873466E-9
8, 96, C19, 0, 1.733189083610856E-8
8, 95, C19, 0, 6.221291768919283E-15
8, 94, C19, 0, 0.07414504019289617
8, 93, C19, 0, 2.2148558212794636E-15
8, 92, C19, 0, 0.08838389034055213
8, 90, C16, 0, 0.17034988828975384
8, 88, C16, 0, 5.138249741649085E-8
8, 86, C16, 0, 0.49655369518250636
8, 85, C15, 0, 5.699897476548234E-11
8, 84, C15, 0, 2.855132730636525E-5
8, 83, C15, 0, 2.194881622572587E-14
8, 82, C15, 0, 0.0021203042073614665
8, 80, C15, 0, 1.0514450794450112
8, 79, C12, 0, 6.717303867709984E-11
8, 76, C12, 0, 0.11784982810644934
8, 74, C12, 0, 6.812992751805913E-11
8, 72, C12, 0, 0.08862436400736269
8, 70, C11, 0, 0.017808211144836574
8, 69, C10, 0, 1.119372543384645E-14
8, 68, C10, 0, 9.268154989286025E-4
8, 66, C10, 0, 0.6032916480510231
8, 64, C10, 0, 0.7327092580347426
8, 63, C10, 0, 1.544446771995989E-7
8, 62, C10, 0, 5.59857933253385E-10
8, 61, C10, 0, 5.2266627488654E-12
8, 60, C10, 0, 0.037805941199923955
8, 59, C9, 0, 2.9675630276635995E-6
8, 58, C9, 0, 7.124727469757192E-13
8, 56, C9, 0, 0.127598910124087
8, 55, C9, 0, 1.0652083833388146E-12
8, 54, C9, 0, 0.007651539889545458
8, 53, C8, 0, 9.382385132654486E-14
8, 52, C8, 0, 0.38376553883156705
8, 50, C8, 0, 4.025378739999932E-8
8, 48, C8, 0, 0.2617914705997349
8, 47, C7, 0, 2.1383676932721417E-5
8, 44, C7, 0, 0.16088850728899243
8, 43, C7, 0, 7.675681894365872E-12
8, 42, C7, 0, 0.05331372148363216
8, 40, C6, 0, 1.473212763858117E-4
8, 38, C6, 0, 4.858540832014592E-9
8, 36, C6, 0, 0.05977757083628267
8, 35, C5, 0, 1.2367716294171E-10
8, 32, C5, 0, 4.3127448835342945E-5
8, 30, C5, 0, 0.08691472975355115
8, 28, C4, 1, 0.003054486451545034
8, 27, C4, 0, 3.309277124204894E-4
8, 26, C4, 1, 0.0029334689700148318
8, 25, C4, 1, 5.010272269123787E-7
8, 24, C4, 0, 7.988987022015102E-4
8, 23, C4, 0, 6.141529116863821E-13
8, 22, C4, 1, 2.3481346793449187E-12
8, 21, C4, 1, 0.001498991106079694
8, 20, C4, 1, 9.709769096598469E-5
8, 20, C4, 0, 0.004476060316798631
8, 19, C3, 1, 1.7126699232113777E-5
8, 19, C3, 0, 3.3154201155719E-14
8, 18, C3, 0, 1.3390488835674457E-7
8, 17, C3, 1, 6.147638129564186E-12
8, 16, C3, 1, 7.0932041796219595E-6
8, 16, C3, 0, 0.008358369515510028
8, 15, C3, 0, 1.0293930486438049E-16
8, 11, C2, 1, 3.93556828610112E-16
8, 10, C2, 0, 1.9722759559587166E-27
8, 5, C1, 1, 2.487431738865093E-15
9, 207, C14, 1, 1.840999335342359E-9
9, 206, C14, 1, 5.731351061776183E-22
9, 203, C14, 1, 0.030740670081372986
9, 198, C13, 1, 2.1840499626384499E-13
9, 197, C13, 1, 1.1791931003869515E-4
9, 195, C18, 1, 3.9247505007016575E-14
9, 194, C18, 1, 0.001007975606183236
9, 192, C18, 1, 7.45765269058234E-13
9, 191, C18, 1, 0.18925124208895644
9, 189, C17, 1, 2.8410427561873864E-4
9, 186, C17, 1, 1.0966111399467955E-5
9, 185, C17, 1, 0.027437594640883235
9, 184, C17, 1, 3.936291730941437E-12
9, 183, C21, 1, 0.06609200157436211
9, 181, C21, 1, 7.636909837795627E-6
9, 180, C21, 1, 5.0451676993392207E-17
9, 179, C21, 1, 0.019379757032636682
9, 177, C22, 1, 0.04643692840255251
9, 175, C24, 1, 1.1292910872161475E-11
9, 174, C24, 1, 5.648538887530704E-8
9, 173, C24, 1, 0.014689979624480976
9, 171, C24, 1, 0.31474395318745485
9, 169, C23, 1, 2.36542021914737E-10
9, 168, C23, 1, 1.0684748013685018E-11
9, 167, C23, 1, 0.006099297159878395
9, 166, C23, 1, 9.60582332424123E-14
9, 165, C23, 1, 4.893703915396168E-4
9, 163, C23, 1, 0.3113316329019131
9, 161, C23, 1, 2.4461554807394626E-6
9, 160, C23, 1, 8.962316026708927E-13
9, 159, C23, 1, 0.4521829245043962
9, 158, C23, 1, 1.2646106822732906E-5
9, 156, C26, 1, 2.2083198156499465E-12
9, 155, C26, 1, 0.002872613320230435
9, 153, C26, 1, 0.4791584024033262
9, 151, C25, 1, 0.0026654156755088055
9, 150, C25, 1, 3.6640903508783295E-16
9, 149, C25, 1, 1.6468048751152184
9, 145, C28, 1, 5.051849325587538E-8
9, 144, C28, 1, 2.960988711879811E-11
9, 143, C28, 1, 0.03851695553569334
9, 142, C28, 1, 6.5255727882836465E-15
9, 141, C28, 1, 0.26068110113009574
9, 139, C27, 1, 1.0700045935861611E-8
9, 138, C27, 1, 1.3825682419993874E-8
9, 137, C27, 1, 4.962736325340944E-15
9, 136, C27, 1, 0.48560058568304876
9, 135, C27, 1, 3.840786814522574E-15
9, 134, C27, 1, 0.49794640449917515
9, 133, C32, 1, 6.18265623314409E-11
9, 132, C32, 1, 2.2399202160831248E-5
9, 132, C32, 0, 5.263886346278669E-4
9, 125, C30, 1, 7.135891908060683E-5
9, 124, C30, 1, 6.18265623314409E-11
9, 119, C31, 1, 0.001610273267016658
9, 119, C31, 0, 0.009046397856824538
9, 118, C31, 1, 8.040205962018768E-12
9, 118, C31, 0, 1.8894749054386998E-10
9, 117, C31, 1, 1.2196334164173665E-12
9, 116, C31, 1, 8.040205968199668E-12
9, 116, C31, 0, 8.78609450013642E-8
9, 115, C31, 1, 1.7219373605962574E-14
9, 115, C31, 0, 4.046609560692226E-13
9, 114, C31, 1, 2.2399202178050614E-5
9, 114, C31, 0, 0.24504222207200302
9, 113, C29, 1, 0.029809243380843932
9, 113, C29, 0, 3.41129688433991E-11
9, 112, C29, 1, 2.886037399971792E-18
9, 112, C29, 0, 1.6022309768941259E-15
9, 111, C29, 1, 0.0013141555088349093
9, 109, C29, 1, 2.886037399971792E-18
9, 109, C29, 0, 1.6022309768941259E-15
9, 108, C29, 1, 0.0016102732670166583
9, 108, C29, 0, 0.009046397856824538
9, 106, C29, 1, 7.215090392098495E-18
9, 106, C29, 0, 2.2434112438149315E-8
9, 104, C29, 0, 0.0676122700187554
9, 103, C20, 0, 2.8499478194843687E-11
9, 102, C20, 0, 1.2603812692067755E-7
9, 100, C20, 0, 0.03707252006794861
9, 98, C20, 0, 0.6022441657417585
9, 96, C19, 0, 0.03707252006794861
9, 95, C19, 0, 2.8499478194845913E-11
9, 94, C19, 0, 2.668788195333935E-7
9, 92, C19, 0, 0.7693821454675742
9, 90, C16, 0, 0.001060091223106239
9, 88, C16, 0, 2.9913270503310125E-8
9, 86, C16, 0, 0.3173839150083963
9, 84, C15, 0, 0.0010600912231063218
9, 83, C15, 0, 8.139629178865423E-13
9, 82, C15, 0, 4.15857933194586E-7
9, 80, C15, 0, 1.4665163573714133
9, 79, C12, 0, 2.05378605402756E-11
9, 76, C12, 0, 0.052322484820389696
9, 74, C12, 0, 2.1249872230124378E-11
9, 72, C12, 0, 0.02764213117540887
9, 70, C11, 0, 0.0027259699957953494
9, 69, C10, 0, 2.0226835493543506E-11
9, 68, C10, 0, 4.5857842549914914E-8
9, 66, C10, 0, 0.30457136583538114
9, 64, C10, 0, 0.5693772323480732
9, 63, C10, 0, 4.5349689619532606E-8
9, 62, C10, 0, 1.4032543415899164E-10
9, 61, C10, 0, 9.483436134734568E-9
9, 60, C10, 0, 0.011090061779463232
9, 59, C9, 0, 0.0026846879481151947
9, 56, C9, 0, 0.03769355219791897
9, 55, C9, 0, 9.63670218642832E-10
9, 54, C9, 0, 0.002240894720490219
9, 53, C8, 0, 7.257341122905108E-14
9, 52, C8, 0, 0.1609099309727984
9, 50, C8, 0, 1.5225954416811644E-8
9, 48, C8, 0, 0.11908802815605182
9, 47, C7, 0, 6.343646757723854E-6
9, 44, C7, 0, 0.06132949518662518
9, 43, C7, 0, 2.2770555002883765E-12
9, 42, C7, 0, 0.015744619231128694
9, 40, C6, 0, 4.3125203059156666E-5
9, 38, C6, 0, 1.4229046560913024E-9
9, 36, C6, 0, 0.021470926643568387
9, 35, C5, 0, 4.714699203842174E-11
9, 32, C5, 0, 1.2631460724626247E-5
9, 30, C5, 0, 0.03135227770932219
9, 28, C4, 1, 0.0010599865766641532
9, 27, C4, 0, 9.69176960442141E-5
9, 26, C4, 1, 8.76241972102822E-4
9, 25, C4, 1, 1.4673417385507003E-7
9, 24, C4, 0, 2.3397080172976906E-4
9, 22, C4, 1, 8.148640630068083E-13
9, 21, C4, 1, 5.075188082984316E-4
9, 20, C4, 1, 2.843667709423806E-5
9, 20, C4, 0, 0.0013108888653939133
9, 19, C3, 1, 5.015839315111721E-6
9, 19, C3, 0, 9.71020808035129E-15
9, 17, C3, 1, 1.8004382868783645E-12
9, 16, C3, 1, 2.0773630640719517E-6
9, 16, C3, 0, 0.0024478878187757036
9, 10, C2, 1, 2.880988565260447E-15
9, 5, C1, 0, 1.6911685394984287E-28
10, 207, C14, 1, 6.028954565315489E-10
10, 206, C14, 1, 1.678705776684782E-22
10, 203, C14, 1, 0.010682523458139782
10, 198, C13, 1, 6.395961917890946E-14
10, 197, C13, 1, 3.453463526666587E-5
10, 195, C18, 1, 1.7333858726239243E-14
10, 194, C18, 1, 2.9507038655568636E-4
10, 193, C18, 1, 7.802775442134519E-9
10, 192, C18, 1, 2.184049959518981E-13
10, 191, C18, 1, 0.07716312513388517
10, 189, C17, 1, 8.319956770216605E-5
10, 188, C17, 1, 3.660555687692249E-17
10, 187, C17, 1, 2.2688938607942133E-13
10, 186, C17, 1, 3.1230658322958347E-6
10, 185, C17, 1, 0.00803574199083875
10, 183, C21, 1, 0.019357456895347538
10, 181, C21, 1, 2.2964319675706916E-6
10, 180, C21, 1, 1.5260856083656605E-17
10, 179, C21, 1, 0.005717142637713923
10, 178, C21, 1, 8.24305520547478E-13
10, 177, C22, 1, 0.013701775756886622
10, 175, C24, 1, 3.6912754544604586E-12
10, 173, C24, 1, 0.0048016062910445885
10, 171, C24, 1, 0.13861492415749804
10, 168, C23, 1, 3.2027217862893506E-12
10, 167, C23, 1, 0.0020856058401693134
10, 166, C23, 1, 2.8335236926357005E-14
10, 165, C23, 1, 1.46739102693406E-4
10, 164, C23, 1, 6.186543555683209E-16
10, 163, C23, 1, 0.13453489030869734
10, 160, C23, 1, 5.255275435929192E-13
10, 159, C23, 1, 0.19839149071199152
10, 158, C23, 1, 3.7036338649498407E-6
10, 157, C26, 1, 7.989013817589102E-8
10, 156, C26, 1, 2.043445638276787E-12
10, 155, C26, 1, 0.0026581426953478384
10, 153, C26, 1, 0.3775853594197542
10, 151, C25, 1, 0.0013560543521221676
10, 149, C25, 1, 1.1150149419727924
10, 147, C25, 1, 4.453358812635593E-7
10, 146, C25, 1, 4.4646184960687703E-10
10, 144, C28, 1, 3.732948938158104E-10
10, 143, C28, 1, 0.4855872219005123
10, 142, C28, 1, 2.3750893372951417E-14
10, 141, C28, 1, 0.41804617405738
10, 139, C27, 1, 1.2638817553845168E-7
10, 138, C27, 1, 1.7430180095574175E-7
10, 137, C27, 1, 6.254051402116196E-14
10, 136, C27, 1, 0.580777012934612
10, 135, C27, 1, 4.534882089953417E-14
10, 134, C27, 1, 0.7266052910631403
10, 133, C32, 1, 6.501576334238226E-18
10, 132, C32, 1, 0.0016261119058228555
10, 132, C32, 0, 0.18232385571273493
10, 125, C30, 1, 2.0978642036827533E-5
10, 119, C31, 1, 3.3356646474385565E-10
10, 118, C31, 1, 5.685495606167078E-12
10, 118, C31, 0, 6.21980401731004E-8
10, 117, C31, 1, 1.1973386638087014E-16
10, 116, C31, 1, 6.088196527948167E-15
10, 116, C31, 0, 0.2314697075249051
10, 115, C31, 1, 2.0408117816656887E-18
10, 115, C31, 0, 2.2326020803550147E-14
10, 114, C31, 1, 6.559979677878425E-6
10, 114, C31, 0, 0.3032344062955826
10, 113, C29, 1, 0.35210468448688265
10, 113, C29, 0, 1.60223040177264E-15
10, 112, C29, 1, 2.0747646133509782E-16
10, 112, C29, 0, 6.160217925263268E-15
10, 111, C29, 1, 3.84998731524693E-4
10, 110, C29, 1, 3.3356646474385565E-10
10, 109, C29, 1, 2.0747646133509782E-16
10, 109, C29, 0, 7.325805564087276E-15
10, 108, C29, 1, 9.292825137137685E-4
10, 108, C29, 0, 2.2434096315437748E-8
10, 107, C29, 1, 7.143853784315763E-13
10, 106, C29, 0, 2.0859576420166408E-7
10, 104, C29, 0, 0.6009281217144812
10, 102, C20, 0, 4.8188019734340254E-4
10, 101, C20, 0, 1.6368690069758974E-10
10, 98, C20, 0, 0.40138822503219473
10, 96, C19, 0, 2.668334856933488E-7
10, 94, C19, 0, 3.72192316332562E-7
10, 92, C19, 0, 1.2622530961850915
10, 91, C16, 0, 3.6435723283661303E-13
10, 88, C16, 0, 1.3587339871739437E-4
10, 86, C16, 0, 0.15745640011814238
10, 84, C15, 0, 1.6266132274760842E-6
10, 82, C15, 0, 2.770587979148747E-7
10, 80, C15, 0, 1.2153928643868457
10, 79, C12, 0, 6.0159923391092365E-12
10, 76, C12, 0, 0.01804947980166802
10, 74, C12, 0, 6.016027518281618E-12
10, 72, C12, 0, 0.00782568702470448
10, 70, C11, 0, 2.7188913176461686E-7
10, 69, C10, 0, 3.50560928865744E-8
10, 68, C10, 0, 2.4868806430561447E-12
10, 66, C10, 0, 0.12957869643711392
10, 64, C10, 0, 0.24512546032780222
10, 63, C10, 0, 1.4492118575172149E-8
10, 62, C10, 0, 6.472671053084986E-11
10, 61, C10, 0, 1.636944800964222E-5
10, 60, C10, 0, 0.0032479702438107725
10, 59, C9, 0, 0.0015843388955182323
10, 56, C9, 0, 0.011131675280051342
10, 55, C9, 0, 5.68699319830207E-10
10, 54, C9, 0, 6.562873628618797E-4
10, 53, C8, 0, 3.1579108884008826E-14
10, 52, C8, 0, 0.06133585396502787
10, 50, C8, 0, 5.465355127821255E-9
10, 48, C8, 0, 0.0501028415108951
10, 47, C7, 0, 1.8658025300854873E-6
10, 44, C7, 0, 0.022122863272161373
10, 43, C7, 0, 6.697308466002375E-13
10, 42, C7, 0, 0.004658451507173605
10, 40, C6, 0, 1.2630813791304886E-5
10, 38, C6, 0, 4.167213444201334E-10
10, 36, C6, 0, 0.007449062314370375
10, 35, C5, 0, 1.700693824635949E-11
10, 32, C5, 0, 3.699251683576834E-6
10, 30, C5, 0, 0.010909320886367339
10, 28, C4, 1, 3.5888346636549315E-4
10, 27, C4, 0, 2.83839625814822E-5
10, 26, C4, 1, 2.6163790307785404E-4
10, 25, C4, 1, 4.297354838302153E-8
10, 24, C4, 0, 6.852224880519583E-5
10, 23, C4, 0, 5.2676438831409475E-14
10, 22, C4, 1, 2.7589145559642885E-13
10, 21, C4, 1, 1.6870089037118998E-4
10, 20, C4, 1, 8.32815483166585E-6
10, 20, C4, 0, 3.839156523783643E-4
10, 19, C3, 1, 1.4689721407523865E-6
10, 19, C3, 0, 2.84379757567359E-15
10, 18, C3, 0, 1.1484604852542621E-8
10, 16, C3, 0, 7.169047458587774E-4
10, 15, C3, 0, 8.828783285441197E-18
10, 11, C2, 1, 4.624051902144273E-17
10, 10, C2, 0, 1.6908851403394155E-28
10, 5, C1, 1, 2.1334922023764149E-16
11, 207, C14, 1, 1.9523182415180015E-10
11, 206, C14, 1, 4.916068039967783E-23
11, 203, C14, 1, 0.003672451190437328
11, 198, C13, 1, 1.8733133884141463E-14
11, 197, C13, 1, 1.0114043515097553E-5
11, 195, C18, 1, 7.015357725943213E-15
11, 194, C18, 1, 8.633043617705774E-5
11, 192, C18, 1, 6.395961908048762E-14
11, 191, C18, 1, 0.030152472957409613
11, 189, C17, 1, 2.436832271479986E-5
11, 186, C17, 1, 9.48727704239761E-7
11, 185, C17, 1, 0.0023534532400683443
11, 184, C17, 1, 3.4054633233844206E-13
11, 183, C21, 1, 0.005669250694099527
11, 181, C21, 1, 6.774730188285217E-7
11, 180, C21, 1, 4.3092546444353455E-18
11, 179, C21, 1, 0.001686502104809382
11, 177, C22, 1, 0.004042104657286766
11, 175, C24, 1, 1.2463497513066773E-12
11, 174, C24, 1, 4.918258196235006E-9
11, 173, C24, 1, 0.0016212691978473243
11, 171, C24, 1, 0.05429746162688773
11, 169, C23, 1, 4.192121878965255E-11
11, 168, C23, 1, 9.380657502466776E-13
11, 167, C23, 1, 7.275927140410994E-4
11, 166, C23, 1, 8.812999239372902E-15
11, 165, C23, 1, 4.143764421500638E-5
11, 163, C23, 1, 0.05474226839151988
11, 161, C23, 1, 2.7131328051366333E-7
11, 160, C23, 1, 2.3197823627299795E-13
11, 159, C23, 1, 0.07742317737542154
11, 158, C23, 1, 1.0846709045816684E-6
11, 156, C26, 1, 1.0421843269277824E-12
11, 155, C26, 1, 0.0013556879571886855
11, 153, C26, 1, 0.21340296835026773
11, 151, C25, 1, 5.91284187821763E-4
11, 150, C25, 1, 1.744159465770419E-16
11, 149, C25, 1, 0.6008654702340162
11, 145, C28, 1, 9.582664128594212E-8
11, 144, C28, 1, 4.4618054388470623E-10
11, 143, C28, 1, 0.5805249785581383
11, 142, C28, 1, 3.8082516646848166E-14
11, 141, C28, 1, 0.39209599531796074
11, 139, C27, 1, 1.8432221119013793E-7
11, 138, C27, 1, 2.0831851130181123E-7
11, 137, C27, 1, 7.429712222085665E-14
11, 136, C27, 1, 0.39447486788062924
11, 135, C27, 1, 6.57297959327388E-14
11, 134, C27, 1, 0.6071898502806286
11, 133, C32, 1, 1.9113832489113598E-18
11, 132, C32, 1, 4.638778621717008E-6
11, 132, C32, 0, 0.21442707910155007
11, 125, C30, 1, 6.424354797907787E-6
11, 124, C30, 1, 5.3249207795719455E-12
11, 119, C31, 1, 9.77206986676605E-11
11, 118, C31, 1, 1.664616686127864E-12
11, 118, C31, 0, 7.694674028181614E-8
11, 117, C31, 1, 3.506688154458317E-17
11, 116, C31, 1, 7.214599837055908E-19
11, 116, C31, 0, 0.1418972319733277
11, 115, C31, 1, 5.975150581271692E-19
11, 115, C31, 0, 2.7620073963774954E-14
11, 114, C31, 1, 1.9211993915441343E-6
11, 114, C31, 0, 0.2307450116925253
11, 113, C29, 1, 0.5135861316192266
11, 113, C29, 0, 6.160097168849086E-15
11, 112, C29, 1, 1.196973756943192E-16
11, 112, C29, 0, 5.473444574323648E-14
11, 111, C29, 1, 1.1294283115660454E-4
11, 109, C29, 1, 1.196973756943192E-16
11, 109, C29, 0, 5.473444574323648E-14
11, 108, C29, 1, 2.722578902978462E-4
11, 108, C29, 0, 0.23146981149538548
11, 106, C29, 1, 2.5635077834804664E-19
11, 106, C29, 0, 3.201964495861565E-7
11, 104, C29, 0, 1.068289766349155
11, 102, C20, 0, 2.3677239592637096E-4
11, 101, C20, 0, 1.0854316841678752E-10
11, 98, C20, 0, 0.22865912817917278
11, 96, C19, 0, 4.821716951196415E-4
11, 94, C19, 0, 3.0693563980630403E-7
11, 92, C19, 0, 1.2292093426067543
11, 91, C16, 0, 1.8102708885195186E-13
11, 88, C16, 0, 4.354507315557925E-5
11, 86, C16, 0, 0.06665926181656838
11, 84, C15, 0, 1.3612779678035217E-4
11, 82, C15, 0, 1.2046137361971745E-7
11, 80, C15, 0, 0.6929028661651085
11, 79, C12, 0, 1.7618868387080743E-12
11, 76, C12, 0, 0.005286362885550431
11, 74, C12, 0, 1.7618868406158162E-12
11, 72, C12, 0, 0.0022918870562785164
11, 70, C11, 0, 7.869660156642531E-8
11, 69, C10, 0, 1.0388278337838583E-8
11, 68, C10, 0, 7.741407093148662E-13
11, 66, C10, 0, 0.050665290506962515
11, 64, C10, 0, 0.09677681859413338
11, 63, C10, 0, 4.564418681886675E-9
11, 62, C10, 0, 2.7245220941070868E-11
11, 61, C10, 0, 9.644642665614876E-6
11, 60, C10, 0, 9.5122222089591E-4
11, 59, C9, 0, 4.64003807369075E-4
11, 56, C9, 0, 0.003293593140529907
11, 55, C9, 0, 1.665544224129557E-10
11, 54, C9, 0, 1.922058745738891E-4
11, 53, C8, 0, 1.246776597049181E-14
11, 52, C8, 0, 0.022124734506026984
11, 50, C8, 0, 1.895298101643927E-9
11, 48, C8, 0, 0.019953561366885794
11, 47, C7, 0, 5.520194742338089E-7
11, 44, C7, 0, 0.007697858255054712
11, 43, C7, 0, 1.981476945480841E-13
11, 42, C7, 0, 0.0013807913465416963
11, 40, C6, 0, 3.6990654307523872E-6
11, 38, C6, 0, 1.2204379107106668E-10
11, 36, C6, 0, 0.002521583731548499
11, 35, C5, 0, 5.9177240469448434E-12
11, 32, C5, 0, 1.0834120532653177E-6
11, 30, C5, 0, 0.0037008402986984904
11, 28, C4, 1, 1.1929402285275819E-4
11, 27, C4, 0, 8.312716508030094E-6
11, 26, C4, 1, 7.80939921615318E-5
11, 25, C4, 1, 1.2585519869773878E-8
11, 24, C4, 0, 2.0067882600081693E-5
11, 22, C4, 1, 9.170721053859253E-14
11, 21, C4, 1, 5.528339779347141E-5
11, 20, C4, 1, 2.4390389450338733E-6
11, 20, C4, 0, 1.124360974458868E-4
11, 19, C3, 0, 8.328535166622952E-16
11, 16, C3, 0, 2.0995750323717406E-4
11, 10, C2, 1, 2.595897390595247E-16
11, 5, C1, 0, 1.4504632018716207E-29
12, 207, C14, 1, 6.26429105989323E-11
12, 206, C14, 1, 1.439867246843056E-23
12, 203, C14, 1, 0.0012500553638397519
12, 198, C13, 1, 5.486328535412678E-15
12, 197, C13, 1, 2.962066210788239E-6
12, 195, C18, 1, 2.7413493170108364E-15
12, 194, C18, 1, 2.5317050380111414E-5
12, 193, C18, 1, 9.32162893174729E-10
12, 192, C18, 1, 1.873313385533686E-14
12, 191, C18, 1, 0.011427565966428393
12, 189, C17, 1, 7.136692936547532E-6
12, 188, C17, 1, 3.1397486757838328E-18
12, 187, C17, 1, 1.8733139755847306E-14
12, 186, C17, 1, 2.782847789424846E-7
12, 185, C17, 1, 6.892632899374724E-4
12, 183, C21, 1, 0.0016603710023233584
12, 181, C21, 1, 1.9984802629708928E-7
12, 179, C21, 1, 4.974761970533122E-4
12, 178, C21, 1, 7.173555919510912E-14
12, 177, C22, 1, 0.00119238200694951
12, 175, C24, 1, 4.273127921629171E-13
12, 173, C24, 1, 5.558495423506564E-4
12, 171, C24, 1, 0.01994401980149946
12, 167, C23, 1, 2.5865412876203113E-4
12, 166, C23, 1, 2.4925346872384187E-15
12, 165, C23, 1, 1.2115649530408046E-5
12, 164, C23, 1, 7.161871121126034E-17
12, 163, C23, 1, 0.021362398160175638
12, 160, C23, 1, 8.997638840499134E-14
12, 159, C23, 1, 0.028332566262131986
12, 157, C26, 1, 1.3782097105594431E-8
12, 156, C26, 1, 4.544732196546828E-13
12, 155, C26, 1, 5.911851241908208E-4
12, 153, C26, 1, 0.10251541586411213
12, 151, C25, 1, 2.340723406033109E-4
12, 149, C25, 1, 0.2852301825388118
12, 147, C25, 1, 9.905062652811347E-8
12, 146, C25, 1, 1.6899105019231272E-10
12, 144, C28, 1, 3.0308985387161523E-10
12, 143, C28, 1, 0.39447549439401375
12, 142, C28, 1, 3.57106837624224E-14
12, 141, C28, 1, 0.26709846899482276
12, 139, C27, 1, 1.5406061829915513E-7
12, 138, C27, 1, 1.3199808635834947E-7
12, 137, C27, 1, 5.078145354450376E-14
12, 136, C27, 1, 0.21987139629574637
12, 135, C27, 1, 5.527279751052714E-14
12, 134, C27, 1, 0.3828736961214556
12, 133, C32, 1, 5.853288370252017E-19
12, 132, C32, 1, 1.3585436751326518E-6
12, 132, C32, 0, 0.16316743466764141
12, 125, C30, 1, 2.1893757754670464E-6
12, 119, C31, 1, 2.8532892648594512E-11
12, 118, C31, 1, 4.546074066242069E-13
12, 118, C31, 0, 5.460047084061418E-8
12, 117, C31, 1, 9.547918530589558E-18
12, 116, C31, 1, 2.0385300184957273E-19
12, 116, C31, 0, 0.07801117148247465
12, 115, C31, 1, 1.6318157918567844E-19
12, 115, C31, 0, 1.959886910381583E-14
12, 114, C31, 0, 0.1512588423903305
12, 113, C29, 1, 0.4317663912962528
12, 113, C29, 0, 5.447686145179046E-14
12, 112, C29, 1, 3.2548389254515296E-17
12, 112, C29, 0, 1.1798292134901715E-13
12, 111, C29, 1, 3.359669001258154E-5
12, 110, C29, 1, 2.6599537175158524E-11
12, 109, C29, 1, 3.2548389254515296E-17
12, 109, C29, 0, 1.1798292134901715E-13
12, 108, C29, 1, 8.07709350227446E-5
12, 108, C29, 0, 0.14298676580746272
12, 107, C29, 1, 5.533552981586671E-14
12, 106, C29, 0, 2.909499985119304E-7
12, 104, C29, 0, 1.1858930007317667
12, 102, C20, 0, 9.748199458986282E-5
12, 101, C20, 0, 5.803007036173922E-11
12, 98, C20, 0, 0.11400614068396513
12, 96, C19, 0, 2.3716324133558577E-4
12, 94, C19, 0, 1.7525093910217753E-7
12, 92, C19, 0, 0.8503299336628486
12, 91, C16, 0, 7.481982616566248E-14
12, 88, C16, 0, 1.2450662568940655E-5
12, 86, C16, 0, 0.02553987561285747
12, 84, C15, 0, 4.3657993549897796E-5
12, 82, C15, 0, 4.759806732801733E-8
12, 80, C15, 0, 0.33553215805060366
12, 79, C12, 0, 5.160223730347852E-13
12, 76, C12, 0, 0.0015482781771503792
12, 74, C12, 0, 5.16022373628674E-13
12, 72, C12, 0, 6.712491242489609E-4
12, 70, C11, 0, 2.357537352801195E-8
12, 69, C10, 0, 2.9744208905133857E-9
12, 68, C10, 0, 2.339972599867287E-13
12, 66, C10, 0, 0.01859577034534641
12, 64, C10, 0, 0.036241382885459014
12, 63, C10, 0, 1.348791021173486E-9
12, 62, C10, 0, 1.0852165228061509E-11
12, 61, C10, 0, 4.213434449634728E-6
12, 60, C10, 0, 2.785812819721368E-4
12, 59, C9, 0, 1.358915566218056E-4
12, 56, C9, 0, 9.762396153463505E-4
12, 55, C9, 0, 4.877834915250837E-11
12, 54, C9, 0, 5.629104422195435E-5
12, 53, C8, 0, 4.6686603009971284E-15
12, 52, C8, 0, 0.007698412157989755
12, 50, C8, 0, 6.413708108612236E-10
12, 48, C8, 0, 0.007630527339077561
12, 47, C7, 0, 1.6362169102091782E-7
12, 44, C7, 0, 0.002611394819229805
12, 43, C7, 0, 5.873209617985555E-14
12, 42, C7, 0, 4.0998047433952323E-4
12, 40, C6, 0, 1.0833584387102618E-6
12, 38, C6, 0, 3.5742558291718065E-11
12, 36, C6, 0, 8.380629814109289E-4
12, 35, C5, 0, 2.0075082452546126E-12
12, 32, C5, 0, 3.172880886829942E-7
12, 30, C5, 0, 0.0012320034231790185
12, 28, C4, 1, 3.909273332963252E-5
12, 27, C4, 0, 2.434517574651749E-6
12, 26, C4, 1, 2.287112717104063E-5
12, 24, C4, 0, 5.8772138841439314E-6
12, 23, C4, 0, 4.518104747953549E-15
12, 22, C4, 1, 3.005251596230224E-14
12, 21, C4, 1, 1.7911704293860426E-5
12, 20, C4, 0, 3.29287850719854E-5
12, 19, C3, 0, 2.4391503324649763E-16
12, 18, C3, 0, 9.850447156975132E-10
12, 16, C3, 0, 6.148955411472705E-5
12, 15, C3, 0, 7.572525509605995E-19
12, 11, C2, 1, 5.036922702056438E-18
12, 10, C2, 0, 1.4502201391360095E-29
13, 207, C14, 1, 1.9837635488714776E-11
13, 206, C14, 1, 4.216905090422808E-24
13, 203, C14, 1, 4.213651974420812E-4
13, 195, C18, 1, 1.038951274315792E-15
13, 194, C18, 1, 7.415909866980283E-6
13, 192, C18, 1, 5.486328526976751E-15
13, 191, C18, 1, 0.0042307086516882335
13, 189, C17, 1, 2.0900994727571347E-6
13, 186, C17, 1, 8.150216863653722E-8
13, 185, C17, 1, 2.0186671845851263E-4
13, 184, C17, 1, 2.9255248352846846E-14
13, 183, C21, 1, 4.862781044181596E-4
13, 181, C21, 1, 5.895022151727468E-8
13, 180, C21, 1, 2.7277884347687068E-15
13, 179, C21, 1, 1.4673563671875562E-4
13, 177, C22, 1, 3.517230512336215E-4
13, 175, C24, 1, 1.4989531640727895E-13
13, 174, C24, 1, 4.280060251531155E-10
13, 173, C24, 1, 1.9498592518235928E-4
13, 171, C24, 1, 0.0070333201781426335
13, 169, C23, 1, 6.1988443345936516E-12
13, 168, C23, 1, 5.947171924753228E-10
13, 167, C23, 1, 9.302052070915682E-5
13, 166, C23, 1, 7.287744730551848E-16
13, 165, C23, 1, 3.548345369613476E-6
13, 163, C23, 1, 0.008088806405113667
13, 161, C23, 1, 3.268043832195708E-8
13, 160, C23, 1, 3.291492896960854E-14
13, 159, C23, 1, 0.009954486301536884
13, 156, C26, 1, 1.7991282114902126E-13
13, 155, C26, 1, 2.3403311551628927E-4
13, 153, C26, 1, 0.04468227360934573
13, 151, C25, 1, 8.846936668224732E-5
13, 150, C25, 1, 3.015592168917417E-17
13, 149, C25, 1, 0.12484324360912102
13, 145, C28, 1, 2.6021014641453617E-8
13, 144, C28, 1, 1.690255453174098E-10
13, 143, C28, 1, 0.2198713168223873
13, 142, C28, 1, 2.4335542004752734E-14
13, 141, C28, 1, 0.15130748658801665
13, 139, C27, 1, 9.71830746931772E-8
13, 138, C27, 1, 7.445018288480518E-8
13, 137, C27, 1, 2.8329372509398745E-14
13, 136, C27, 1, 0.10378878421042487
13, 135, C27, 1, 3.4883889789600616E-14
13, 134, C27, 1, 0.2100379394245062
13, 132, C32, 0, 0.10696013319804784
13, 119, C31, 1, 8.494309987251203E-12
13, 118, C31, 0, 3.621755485464474E-8
13, 117, C31, 1, 2.876241163106952E-18
13, 116, C31, 1, 5.601301851150462E-20
13, 116, C31, 0, 0.039133265519909664
13, 115, C31, 0, 1.3000311278107168E-14
13, 114, C31, 0, 0.08578294970776965
13, 113, C29, 1, 0.27243333713773693
13, 113, C29, 0, 1.1752086540843043E-13
13, 112, C29, 1, 9.778740221128912E-18
13, 112, C29, 0, 1.1883643697454721E-13
13, 111, C29, 1, 1.0024058945990349E-5
13, 109, C29, 1, 9.778740221128912E-18
13, 109, C29, 0, 1.1883643697454721E-13
13, 108, C29, 1, 2.3980586165596182E-5
13, 108, C29, 0, 0.07857139156900529
13, 106, C29, 1, 1.8663672256950426E-20
13, 106, C29, 0, 2.0368312727272007E-7
13, 104, C29, 0, 0.9521231826847658
13, 102, C20, 0, 3.7673807055371734E-5
13, 101, C20, 0, 2.9363446633974946E-11
13, 98, C20, 0, 0.051411021969598195
13, 96, C19, 0, 9.764164492293252E-5
13, 94, C19, 0, 8.517648975368484E-8
13, 92, C19, 0, 0.486345647197305
13, 91, C16, 0, 2.8960886028265254E-14
13, 88, C16, 0, 3.683997953491144E-6
13, 86, C16, 0, 0.009242182472449931
13, 84, C15, 0, 1.2496114869168526E-5
13, 82, C15, 0, 1.772894613891289E-8
13, 80, C15, 0, 0.1476572389144747
13, 79, C12, 0, 1.5112253563609898E-13
13, 76, C12, 0, 4.534626452034222E-4
13, 74, C12, 0, 1.511225358156082E-13
13, 72, C12, 0, 1.9658230921932465E-4
13, 70, C11, 0, 6.834183889638283E-9
13, 69, C10, 0, 8.80052254656474E-10
13, 68, C10, 0, 6.855059905205022E-14
13, 66, C10, 0, 0.006558212047840105
13, 64, C10, 0, 0.013097191839432504
13, 63, C10, 0, 3.991999577598349E-10
13, 62, C10, 0, 4.150308738393347E-12
13, 61, C10, 0, 1.6448954538889967E-6
13, 60, C10, 0, 8.15871717796817E-5
13, 59, C9, 0, 3.979842526792833E-5
13, 56, C9, 0, 2.8986217329009326E-4
13, 55, C9, 0, 1.42856666867229E-11
13, 54, C9, 0, 1.6485874530656573E-5
13, 53, C8, 0, 1.6871303176387952E-15
13, 52, C8, 0, 0.0026115590782760318
13, 50, C8, 0, 2.131108859332246E-10
13, 48, C8, 0, 0.0028284325216207237
13, 47, C7, 0, 4.858206756944292E-8
13, 44, C7, 0, 8.69328881252864E-4
13, 43, C7, 0, 1.7438559932374407E-14
13, 42, C7, 0, 1.2193142030773135E-4
13, 40, C6, 0, 3.172726623296678E-7
13, 38, C6, 0, 1.0467803905034356E-11
13, 36, C6, 0, 2.7460295678945743E-4
13, 35, C5, 0, 6.682960707825142E-13
13, 32, C5, 0, 9.29252100263419E-8
13, 30, C5, 0, 4.042011261297122E-4
13, 28, C4, 1, 1.2665963153259915E-5
13, 26, C4, 1, 6.698190777492107E-6
13, 24, C4, 0, 1.7212400395362877E-6
13, 22, C4, 1, 9.736951791824319E-15
13, 21, C4, 1, 5.2457411308619275E-6
13, 20, C4, 0, 9.643743525933563E-6
13, 19, C3, 0, 7.1434582736794E-17
13, 16, C3, 0, 1.8008240748399732E-5
13, 10, C2, 1, 5.036920894050907E-18
13, 5, C1, 0, 5.80893381630635E-28
14, 207, C14, 1, 2.9162364760212053E-9
14, 204, C14, 1, 3.839096823645732E-17
14, 203, C14, 1, 1.4080338171277868E-4
14, 195, C18, 1, 3.8464010222200567E-16
14, 194, C18, 1, 2.1716016380545573E-6
14, 193, C18, 1, 1.0695336198162707E-10
14, 191, C18, 1, 0.0015369948101222385
14, 186, C17, 1, 2.38697977325351E-8
14, 185, C17, 1, 5.912003294592729E-5
14, 183, C21, 1, 1.4241780543525993E-4
14, 181, C21, 1, 1.7387957775371954E-8
14, 179, C21, 1, 4.327898707810208E-5
14, 178, C21, 1, 6.2414170275078205E-15
14, 177, C22, 1, 1.037442719477065E-4
14, 175, C24, 1, 5.3285917159952267E-14
14, 173, C24, 1, 6.9314638777016E-5
14, 171, C24, 1, 0.0024115479611545245
14, 167, C23, 1, 3.36360629835998E-5
14, 166, C23, 1, 2.1343821225682391E-16
14, 165, C23, 1, 1.0392155072308912E-6
14, 164, C23, 1, 8.930879166145313E-18
14, 163, C23, 1, 0.002992682310688448
14, 160, C23, 1, 1.1564477666916065E-14
14, 159, C23, 1, 0.00340057593624353
14, 157, C26, 1, 1.7852381817771298E-9
14, 156, C26, 1, 6.799937705166869E-14
14, 155, C26, 1, 8.845454127689649E-5
14, 153, C26, 1, 0.018254427743161463
14, 151, C25, 1, 3.2329741732405485E-5
14, 149, C25, 1, 0.05165805042488188
14, 147, C25, 1, 1.4825337340045278E-8
14, 146, C25, 1, 3.404123388069285E-11
14, 144, C28, 1, 7.978753885013979E-11
14, 143, C28, 1, 0.1037887471126882
14, 142, C28, 1, 1.9202876008696607E-8
14, 141, C28, 1, 0.07614326617607853
14, 140, C28, 1, 1.2563895637502144E-10
14, 139, C27, 1, 5.3313057532344E-8
14, 138, C27, 1, 3.701793564575439E-8
14, 137, C27, 1, 1.3372712829773583E-14
14, 136, C27, 1, 0.04428131341751193
14, 135, C27, 1, 1.9136741794704523E-14
14, 134, C27, 1, 0.10551261673870056
14, 132, C32, 0, 0.06065996153465649
14, 125, C30, 1, 0.16343291269080568
14, 124, C30, 0, 0.05348005700067596
14, 119, C31, 1, 2.543269814804594E-12
14, 118, C31, 1, 3.029631988629632E-18
14, 118, C31, 0, 2.1635356576043846E-8
14, 117, C31, 1, 9.070983218634181E-19
14, 116, C31, 0, 0.01811919877185473
14, 115, C31, 0, 7.766023168329411E-15
14, 114, C31, 0, 0.04335821508744152
14, 113, C29, 1, 0.14864187548390423
14, 113, C29, 0, 1.187852917975345E-13
14, 112, C29, 1, 8.549379840565139E-12
14, 112, C29, 0, 2.680437554065488E-7
14, 111, C29, 1, 2.9917346510563765E-6
14, 110, C29, 1, 2.5270843542007817E-12
14, 109, C29, 1, 8.549379840565139E-12
14, 109, C29, 0, 2.680437554065488E-7
14, 108, C29, 1, 7.095605250128391E-6
14, 108, C29, 0, 0.03916726507478707
14, 107, C29, 1, 5.397859448682722E-15
14, 106, C29, 0, 1.2269628125369745E-7
14, 105, C29, 1, 2.07479469171127E-10
14, 105, C29, 0, 5.725422324650599E-10
14, 104, C29, 0, 0.6231434076393382
14, 102, C20, 0, 1.3929996745704801E-5
14, 101, C20, 0, 1.3892341330907962E-11
14, 98, C20, 0, 0.021578099936425014
14, 96, C19, 0, 3.775266865383099E-5
14, 94, C19, 0, 3.748370340584707E-8
14, 92, C19, 0, 0.24686024281188323
14, 91, C16, 0, 1.0708676861331964E-14
14, 88, C16, 0, 6.834676961047495E-7
14, 86, C16, 0, 0.003222865561420783
14, 84, C15, 0, 3.7011049632520875E-6
14, 82, C15, 0, 6.365886018794995E-9
14, 80, C15, 0, 0.06097859918972835
14, 79, C12, 0, 4.425673181106789E-14
14, 76, C12, 0, 1.328109278398039E-4
14, 74, C12, 0, 4.425673186365356E-14
14, 72, C12, 0, 5.7569776084685134E-5
14, 70, C11, 0, 1.958722724882158E-9
14, 69, C10, 0, 2.6335801847355577E-10
14, 68, C10, 0, 1.9885398811693114E-14
14, 66, C10, 0, 0.002250342181950433
14, 64, C10, 0, 0.004612801151978461
14, 63, C10, 0, 1.1833181256790936E-10
14, 62, C10, 0, 1.5375595005343848E-12
14, 61, C10, 0, 1.229692065885202E-7
14, 60, C10, 0, 2.389416316252256E-5
14, 59, C9, 0, 1.1655748503216052E-5
14, 56, C9, 0, 8.620729204161428E-5
14, 55, C9, 0, 4.183837349850979E-12
14, 54, C9, 0, 4.828194065033284E-6
14, 53, C8, 0, 5.941887945660366E-16
14, 52, C8, 0, 8.693776750945402E-4
14, 50, C8, 0, 6.970131756733022E-11
14, 48, C8, 0, 0.0010225344389750573
14, 47, C7, 0, 1.4448689318122504E-8
14, 44, C7, 0, 2.8521326010019695E-4
14, 43, C7, 0, 5.1863649948242316E-15
14, 42, C7, 0, 3.632047796519346E-5
14, 40, C6, 0, 9.292077215925077E-8
14, 38, C6, 0, 3.0656708381345407E-12
14, 36, C6, 0, 8.896270209090976E-5
14, 35, C5, 0, 2.1925752746800844E-13
14, 32, C5, 0, 2.7214079990027355E-8
14, 30, C5, 0, 1.3108404970039601E-4
14, 28, C4, 1, 3.709438408818057E-6
14, 26, C4, 1, 1.9616768057015227E-6
14, 22, C4, 1, 2.851628614765618E-15
14, 21, C4, 1, 1.5363027191917643E-6
14, 20, C4, 0, 2.8243310206284117E-6
14, 19, C3, 0, 2.092080813084818E-17
14, 18, C3, 0, 1.1970717396684574E-20
14, 16, C3, 0, 5.2740134405146685E-6
14, 11, C2, 1, 4.779444398453872E-19
14, 10, C2, 0, 5.807960378757191E-28
15, 207, C14, 1, 8.540684559440775E-10
15, 206, C14, 1, 2.241103882956663E-18
15, 204, C14, 1, 1.2828724791787002E-17
15, 203, C14, 1, 4.6332368456516284E-5
15, 195, C18, 1, 1.397377814338972E-16
15, 194, C18, 1, 2.397675105764941E-8
15, 191, C18, 1, 5.497012756400846E-4
15, 186, C17, 1, 6.99066809667824E-9
15, 185, C17, 1, 1.731428698209725E-5
15, 184, C17, 1, 2.509304166277804E-15
15, 183, C21, 1, 4.1709427951837504E-5
15, 181, C21, 1, 5.1284965035210315E-9
15, 180, C21, 1, 2.3397528901317955E-16
15, 179, C21, 1, 1.2764300023660824E-5
15, 177, C22, 1, 3.059888589748422E-5
15, 175, C24, 1, 1.9080542623227296E-14
15, 174, C24, 1, 3.723905025138103E-11
15, 173, C24, 1, 2.4820236852804804E-5
15, 171, C24, 1, 8.100062475987787E-4
15, 169, C23, 1, 8.33737612325142E-13
15, 168, C23, 1, 5.101168186017943E-11
15, 167, C23, 1, 1.217359046890156E-5
15, 163, C23, 1, 0.0010867045144879223
15, 161, C23, 1, 3.985824135848883E-9
15, 160, C23, 1, 3.950568947322201E-15
15, 159, C23, 1, 0.001138028735287583
15, 156, C26, 1, 2.484930525094475E-14
15, 155, C26, 1, 3.23243240206704E-5
15, 153, C26, 1, 0.007120713355163012
15, 151, C25, 1, 1.153456099639617E-5
15, 150, C25, 1, 4.165077999268771E-18
15, 149, C25, 1, 0.02051472938116594
15, 145, C28, 1, 4.633444883521499E-9
15, 144, C28, 1, 3.40412216359007E-11
15, 143, C28, 1, 0.04428129748925199
15, 142, C28, 1, 6.9374825706480425E-15
15, 141, C28, 1, 0.03529658893692732
15, 139, C27, 1, 2.6781828945778264E-8
15, 138, C27, 1, 1.5894213014978386E-8
15, 137, C27, 1, 5.705445836171894E-15
15, 136, C27, 1, 0.018264899727031207
15, 135, C27, 1, 9.613347491246494E-15
15, 134, C27, 1, 0.04916535800491656
15, 133, C32, 1, 1.4890522040922264E-14
15, 132, C32, 0, 0.030660028157131935
15, 125, C30, 1, 0.04786410894552136
15, 125, C30, 0, 1.3574618715344321E-8
15, 124, C30, 1, 4.148349122529017E-8
15, 124, C30, 0, 0.0156625260269313
15, 118, C31, 0, 1.1005030254431283E-8
15, 116, C31, 1, 4.535408411835089E-19
15, 116, C31, 0, 0.007629156915421828
15, 115, C31, 0, 3.950261675775308E-15
15, 114, C31, 0, 0.02032761273903548
15, 113, C29, 1, 0.0746118022885946
15, 113, C29, 0, 2.680429965459719E-7
15, 112, C29, 1, 9.142009931840821E-19
15, 112, C29, 0, 6.181929068002708E-14
15, 109, C29, 1, 9.142009931840821E-19
15, 109, C29, 0, 6.181929068002708E-14
15, 108, C29, 1, 2.115574636786344E-6
15, 108, C29, 0, 0.018119694952676214
15, 106, C29, 1, 5.266351929084907E-17
15, 106, C29, 0, 6.267075283155082E-8
15, 104, C29, 0, 0.3570998183664286
15, 102, C20, 0, 4.870325347500816E-6
15, 101, C20, 0, 5.8648208188490015E-12
15, 98, C20, 0, 0.00859363154336245
15, 96, C19, 0, 1.396515367915313E-5
15, 94, C19, 0, 1.54792707634365E-8
15, 92, C19, 0, 0.11542082217756264
15, 91, C16, 0, 3.744059772265311E-15
15, 88, C16, 0, 2.0070102706958972E-7
15, 86, C16, 0, 0.0010950309738213828
15, 84, C15, 0, 6.3648192283572284E-9
15, 82, C15, 0, 2.2269618458233567E-9
15, 80, C15, 0, 0.0240626899759783
15, 79, C12, 0, 1.2961248709056738E-14
15, 76, C12, 0, 3.889785254318272E-5
15, 74, C12, 0, 1.2961248724310888E-14
15, 72, C12, 0, 1.686017370518318E-5
15, 70, C11, 0, 5.721424030958123E-10
15, 69, C10, 0, 7.733138630453424E-11
15, 68, C10, 0, 5.887680329274557E-15
15, 66, C10, 0, 7.569132190981796E-4
15, 64, C10, 0, 0.0015924458600548993
15, 63, C10, 0, 3.512798028603516E-11
15, 62, C10, 0, 5.558582463084762E-13
15, 61, C10, 0, 3.6108181833141286E-8
15, 60, C10, 0, 6.997803961699007E-6
15, 59, C9, 0, 3.413603595469215E-6
15, 56, C9, 0, 2.5679107510879332E-5
15, 55, C9, 0, 1.2253148921640697E-12
15, 54, C9, 0, 1.4140263193758762E-6
15, 53, C8, 0, 2.0517948020345875E-16
15, 52, C8, 0, 2.8522777805225846E-4
15, 50, C8, 0, 2.258102979874525E-11
15, 48, C8, 0, 3.6237472218535085E-4
15, 47, C7, 0, 4.303921833111948E-9
15, 44, C7, 0, 9.249580653119795E-5
15, 43, C7, 0, 1.5448951143072792E-15
15, 42, C7, 0, 1.083515172257562E-5
15, 40, C6, 0, 2.7212803921941554E-8
15, 38, C6, 0, 7.168881052326594E-13
15, 36, C6, 0, 2.8051387911190074E-5
15, 35, C5, 0, 7.110609736049627E-14
15, 32, C5, 0, 7.970096893079258E-9
15, 30, C5, 0, 4.211160929625941E-5
15, 28, C4, 1, 1.086370861995849E-6
15, 20, C4, 0, 5.80795829398661E-28
15, 19, C3, 0, 6.1270073412544054E-18
15, 16, C3, 0, 1.5445827362787294E-6
15, 10, C2, 1, 4.779442682870287E-19
16, 207, C14, 1, 1.820496192283451E-10
16, 206, C14, 1, 9.858769959902071E-27
16, 204, C14, 1, 4.221384434450532E-18
16, 203, C14, 1, 1.4655395121008357E-5
16, 195, C18, 1, 4.997677038559391E-17
16, 194, C18, 1, 6.990668085929196E-9
16, 193, C18, 1, 1.1760350890576295E-11
16, 191, C18, 1, 1.9375233064665572E-4
16, 186, C17, 1, 2.0473336630310275E-9
16, 185, C17, 1, 5.070777514160675E-6
16, 183, C21, 1, 1.2215301132828153E-5
16, 181, C21, 1, 1.5125508349999392E-9
16, 179, C21, 1, 3.7643990009771013E-6
16, 178, C21, 1, 5.42930955923671E-16
16, 177, C22, 1, 9.024549472020137E-6
16, 175, C24, 1, 6.61658493927783E-15
16, 173, C24, 1, 8.606909047155944E-6
16, 171, C24, 1, 2.678227046274303E-4
16, 167, C23, 1, 4.395948240184382E-6
16, 166, C23, 1, 5.17805057306028E-16
16, 165, C23, 1, 8.913640966253959E-8
16, 164, C23, 1, 1.1089614841869863E-18
16, 163, C23, 1, 3.879053621179701E-4
16, 160, C23, 1, 1.3220881012743582E-15
16, 159, C23, 1, 3.7491095887704244E-4
16, 157, C26, 1, 2.056004908158802E-10
16, 156, C26, 1, 8.865701109136684E-15
16, 155, C26, 1, 1.1532628072620085E-5
16, 153, C26, 1, 0.0026830220248686885
16, 151, C25, 1, 4.04217519873999E-6
16, 149, C25, 1, 0.007895480812247932
16, 147, C25, 1, 1.9329149088955243E-9
16, 146, C25, 1, 5.575988969831753E-12
16, 144, C28, 1, 1.4041125968754503E-11
16, 143, C28, 1, 0.018264893156794266
16, 142, C28, 1, 3.2159082561287394E-15
16, 141, C28, 1, 0.015404810656247287
16, 139, C27, 1, 1.2479437979357375E-8
16, 138, C27, 1, 6.5561934620383E-9
16, 137, C27, 1, 2.3533492584504823E-15
16, 136, C27, 1, 0.007253324484380656
16, 135, C27, 1, 4.479499093431329E-15
16, 134, C27, 1, 0.021652218994151727
16, 133, C32, 1, 4.360942710301988E-15
16, 132, C32, 0, 0.014374327395188699
16, 125, C30, 1, 0.014017826893820686
16, 125, C30, 0, 3.975553334433841E-9
16, 124, C30, 0, 0.004587031789087282
16, 118, C31, 1, 5.344959172242282E-21
16, 118, C31, 0, 5.159672738325216E-9
16, 116, C31, 0, 0.0030384216572177636
16, 115, C31, 0, 1.8520673734215116E-15
16, 114, C31, 0, 0.008991701843316406
16, 113, C29, 1, 0.03476643853486434
16, 113, C29, 0, 6.181926848732351E-14
16, 112, C29, 0, 3.487034359292333E-14
16, 111, C29, 1, 1.2479432266206874E-8
16, 109, C29, 1, 2.7258226788218196E-19
16, 109, C29, 0, 3.487034359292333E-14
16, 108, C29, 1, 5.266348144093425E-17
16, 108, C29, 0, 0.0076292251091463785
16, 106, C29, 0, 2.93017963045657E-8
16, 104, C29, 0, 0.18621448005742114
16, 102, C20, 0, 1.6548124229162374E-6
16, 101, C20, 0, 2.335784877454148E-12
16, 98, C20, 0, 0.003289466314863456
16, 96, C19, 0, 4.88499173504138E-6
16, 94, C19, 0, 6.1077317416717625E-9
16, 92, C19, 0, 0.05081843551901723
16, 91, C16, 0, 1.2721360856241017E-15
16, 88, C16, 0, 5.8782492141476195E-8
16, 86, C16, 0, 3.649693989780575E-4
16, 84, C15, 0, 2.2265886588851893E-9
16, 82, C15, 0, 7.637332239623097E-10
16, 80, C15, 0, 0.009174843468284826
16, 79, C12, 0, 3.7959176053359285E-15
16, 76, C12, 0, 1.1392456582728287E-5
16, 74, C12, 0, 3.795917609852386E-15
16, 72, C12, 0, 4.937782742476472E-6
16, 69, C10, 0, 2.264812885641196E-11
16, 68, C10, 0, 1.7502621968899433E-15
16, 66, C10, 0, 2.507673520949777E-4
16, 64, C10, 0, 5.414750228180218E-4
16, 63, C10, 0, 1.0442841137892711E-11
16, 62, C10, 0, 1.9698992024402728E-13
16, 61, C10, 0, 1.057504325226094E-8
16, 60, C10, 0, 2.0494235356658155E-6
16, 59, C9, 0, 9.997372257998934E-7
16, 56, C9, 0, 7.660610255386729E-6
16, 54, C9, 0, 2.749780273681734E-12
16, 53, C8, 0, 6.976661908061824E-17
16, 52, C8, 0, 9.250013289183008E-5
16, 50, C8, 0, 7.120166220574693E-12
16, 48, C8, 0, 1.259635412887831E-4
16, 47, C7, 0, 1.2839491294295255E-9
16, 44, C7, 0, 2.971488350479639E-5
16, 43, C7, 0, 4.608742477185144E-16
16, 42, C7, 0, 3.236893893873522E-6
16, 40, C6, 0, 7.969549152621482E-9
16, 36, C6, 0, 8.215316472923874E-6
16, 35, C5, 0, 2.2843299375255702E-14
16, 32, C5, 0, 2.3341757100865045E-9
16, 30, C5, 0, 1.3422978405766532E-5
16, 18, C3, 0, 1.0267390185481047E-21
17, 207, C14, 1, 1.6520926483613265E-30
17, 206, C14, 1, 3.244099372854493E-27
17, 204, C14, 1, 1.3352664434284055E-18
17, 203, C14, 1, 4.292076717772648E-6
17, 195, C18, 1, 1.7615232435337437E-17
17, 194, C18, 1, 2.059094010755484E-9
17, 191, C18, 1, 6.710691391870081E-5
17, 186, C17, 1, 5.995957855110012E-10
17, 185, C17, 1, 1.4850617079805235E-6
17, 184, C17, 1, 2.152252376819377E-16
17, 183, C21, 1, 3.577454525103614E-6
17, 181, C21, 1, 4.460757614204253E-10
17, 180, C21, 1, 2.0068267476819867E-17
17, 179, C21, 1, 1.1101286724953614E-6
17, 177, C22, 1, 2.661485937636071E-6
17, 175, C24, 1, 2.457785743303054E-15
17, 174, C24, 1, 3.239365846895263E-12
17, 173, C24, 1, 3.108000616245978E-6
17, 171, C24, 1, 8.74608889945411E-5
17, 169, C23, 1, 1.0510029342449561E-13
17, 168, C23, 1, 4.3753170701494726E-12
17, 167, C23, 1, 1.5802255156714037E-6
17, 163, C23, 1, 1.36722908227244E-4
17, 161, C23, 1, 5.209134197486912E-10
17, 160, C23, 1, 4.355472778492206E-16
17, 159, C23, 1, 1.2198811449743777E-4
17, 156, C26, 1, 3.1068990968958996E-15
17, 155, C26, 1, 4.0414978243213905E-6
17, 153, C26, 1, 9.83760916868341E-4
17, 151, C25, 1, 1.3955513184318077E-6
17, 150, C25, 1, 5.207560052487349E-19
17, 149, C25, 1, 0.0029639449940660634
17, 145, C28, 1, 6.81020235113122E-10
17, 144, C28, 1, 5.575986964040892E-12
17, 143, C28, 1, 0.007253321875219849
17, 142, C28, 1, 1.4035463777547235E-15
17, 141, C28, 1, 0.0064203418123323
17, 139, C27, 1, 5.495892376054558E-9
17, 138, C27, 1, 2.603583885124395E-9
17, 137, C27, 1, 9.345578706548119E-16
17, 136, C27, 1, 0.0027915788314441135
17, 135, C27, 1, 1.9727527529725315E-15
17, 134, C27, 1, 0.009132792034198017
17, 133, C32, 1, 1.2771770195588798E-15
17, 132, C32, 0, 0.0063583298144769965
17, 125, C30, 1, 0.004105364702633255
17, 125, C30, 0, 1.1643070532111912E-9
17, 124, C30, 1, 3.558086246970261E-9
17, 124, C30, 0, 0.0013433887099640286
17, 118, C31, 0, 2.282325991603196E-9
17, 116, C31, 0, 0.001163045639612165
17, 115, C31, 0, 8.1924217269877015E-16
17, 114, C31, 0, 0.0037964153861241093
17, 113, C29, 1, 0.015310994799615809
17, 113, C29, 0, 3.4870331076198774E-14
17, 112, C29, 1, 4.479499093841204E-15
17, 112, C29, 0, 1.7949168864492913E-14
17, 109, C29, 1, 6.785452503471638E-30
17, 109, C29, 0, 1.7949168864492913E-14
17, 108, C29, 0, 0.003038453935076046
17, 106, C29, 0, 1.2900783960263694E-8
17, 104, C29, 0, 0.09047629585378222
17, 102, C20, 0, 5.515422942456876E-7
17, 101, C20, 0, 8.940906575805076E-13
17, 98, C20, 0, 0.0012209055201156923
17, 96, C19, 0, 1.6606441585172812E-6
17, 94, C19, 0, 2.328812062660289E-9
17, 92, C19, 0, 0.021370861131397273
17, 91, C16, 0, 4.2399781723983386E-16
17, 88, C16, 0, 1.7216297197345123E-8
17, 86, C16, 0, 1.1985337111399248E-4
17, 84, C15, 0, 7.636052400617832E-10
17, 82, C15, 0, 2.580139140645827E-10
17, 80, C15, 0, 0.0034058065421272202
17, 76, C12, 0, 3.3364707921201924E-6
17, 74, C12, 0, 1.111697745720484E-15
17, 72, C12, 0, 1.4461119833904476E-6
17, 68, C10, 0, 4.608740822597219E-16
17, 66, C10, 0, 8.110200602202809E-5
17, 64, C10, 0, 1.815731515713068E-4
17, 63, C10, 0, 3.108635456611217E-12
17, 62, C10, 0, 6.847483125338071E-14
17, 61, C10, 0, 3.097077691254456E-9
17, 60, C10, 0, 5.358771578595518E-15
17, 59, C9, 0, 1.944134748201399E-12
17, 58, C9, 0, 9.870347905543847E-19
17, 56, C9, 0, 2.288148562855614E-6
17, 54, C9, 0, 3.835029139118596E-10
17, 53, C8, 0, 2.3394883174879295E-17
17, 52, C8, 0, 2.9716174528399624E-5
17, 50, C8, 0, 2.0852593471323405E-12
17, 48, C8, 0, 4.269984449540254E-5
17, 47, C7, 0, 3.835029139118596E-10
17, 44, C7, 0, 9.471550631293E-6
17, 43, C7, 0, 1.3765858233457788E-16
17, 42, C7, 0, 2.028482475678709E-8
17, 40, C6, 0, 2.3338073960732308E-9
17, 36, C6, 0, 2.405992351036974E-6
17, 35, C5, 0, 7.281249027397146E-15
17, 32, C5, 0, 2.194204747043092E-24
17, 30, C5, 0, 3.931142942435495E-6
18, 207, C14, 1, 5.436330035334078E-31
18, 206, C14, 1, 1.0261413285102927E-27
18, 204, C14, 1, 3.910550323987324E-19
18, 203, C14, 1, 1.257006201411683E-6
18, 195, C18, 1, 6.101107959583141E-18
18, 194, C18, 1, 5.995957845890461E-10
18, 193, C18, 1, 1.0894398437164341E-12
18, 191, C18, 1, 2.268844761657759E-5
18, 186, C17, 1, 1.7560161903118686E-10
18, 185, C17, 1, 3.252484637517296E-19
18, 183, C21, 1, 1.0477171819186796E-6
18, 181, C21, 1, 1.315486197775893E-10
18, 178, C21, 1, 4.7219449577253065E-17
18, 175, C24, 1, 8.588823037583905E-16
18, 173, C24, 1, 1.1172428809826798E-6
18, 171, C24, 1, 2.8275864005829192E-5
18, 165, C23, 1, 7.645308692964067E-9
18, 164, C23, 1, 1.4395171561634008E-19
18, 163, C23, 1, 4.735418268490824E-5
18, 160, C23, 1, 1.4171789311910553E-16
18, 159, C23, 1, 3.929606040083655E-5
18, 157, C26, 1, 2.2199830875104446E-11
18, 156, C26, 1, 1.0726494814621628E-15
18, 155, C26, 1, 1.395317456534074E-6
18, 153, C26, 1, 3.530652677950855E-4
18, 151, C25, 1, 1.1128979591365471E-21
18, 149, C25, 1, 0.001090548924254809
18, 147, C25, 1, 2.3386082490425437E-10
18, 146, C25, 1, 8.056126055472259E-13
18, 144, C28, 1, 2.146023827659216E-12
18, 143, C28, 1, 0.00279157782725933
18, 142, C28, 1, 5.849635344223349E-16
18, 141, C28, 1, 0.0025799954940322525
18, 139, C27, 1, 2.3181384258599927E-9
18, 138, C27, 1, 1.0020383998059741E-9
18, 137, C27, 1, 3.5968223593160065E-16
18, 136, C27, 1, 0.0010479521513324847
18, 135, C27, 1, 8.320967302545791E-16
18, 134, C27, 1, 0.0037226425117479448
18, 133, C32, 1, 3.7404353005833593E-16
18, 132, C32, 0, 0.0026845709030793433
18, 125, C30, 1, 0.001202328709142596
18, 125, C30, 0, 3.4098672565045086E-10
18, 124, C30, 0, 3.934337735247987E-4
18, 118, C31, 1, 4.584432305891678E-22
18, 118, C31, 0, 9.636282053895988E-10
18, 116, C31, 0, 4.316714948966042E-4
18, 115, C31, 0, 3.4589487547423255E-16
18, 114, C31, 0, 0.0015435150143125289
18, 113, C29, 1, 0.00645809703750674
18, 113, C29, 0, 1.7949162421631167E-14
18, 112, C29, 0, 8.63487207392077E-15
18, 111, C29, 1, 2.318137491301185E-9
18, 109, C29, 0, 8.63487207392077E-15
18, 108, C29, 1, 6.785447626974122E-30
18, 108, C29, 0, 0.0011630599868837682
18, 106, C29, 0, 5.425072197345505E-9
18, 104, C29, 0, 0.0416111946661794
18, 102, C20, 0, 1.811225912703588E-7
18, 101, C20, 0, 3.3184721010563767E-13
18, 98, C20, 0, 4.4213372122688094E-4
18, 96, C19, 0, 2.328421807998031E-9
18, 94, C19, 0, 8.644815996927231E-10
18, 92, C19, 0, 0.00866717133168985
18, 91, C16, 0, 1.3923788647339112E-16
18, 86, C16, 0, 3.8898366444541445E-5
18, 84, C15, 0, 2.5797067694188584E-10
18, 82, C15, 0, 8.57615417067824E-11
18, 80, C15, 0, 0.0012363702069724681
18, 76, C12, 0, 1.111696946777404E-15
18, 74, C12, 0, 3.2603720308074155E-24
18, 68, C10, 0, 1.3765853291367402E-16
18, 66, C10, 0, 2.6040221905037082E-5
18, 64, C10, 0, 5.991065784958027E-5
18, 63, C10, 0, 8.213326154192145E-13
18, 62, C10, 0, 2.3211991473509433E-14
18, 60, C10, 0, 1.816547159211913E-15
18, 59, C9, 0, 2.7114215300116896E-10
18, 58, C9, 0, 2.9481753570577555E-19
18, 53, C8, 0, 7.719218558425817E-18
18, 52, C8, 0, 9.471936204901947E-6
18, 50, C8, 0, 6.107029541301586E-13
18, 48, C8, 0, 1.4206717905013891E-5
18, 44, C7, 0, 2.7739014615467898E-6
18, 43, C7, 0, 8.626727691660838E-19
18, 42, C7, 0, 5.940749010427959E-9
18, 40, C6, 0, 7.28002885624405E-15
18, 35, C5, 0, 2.1324351318202102E-15
18, 31, C5, 0, 4.566947339413567E-18
18, 30, C5, 0, 1.1513007297412744E-6
19, 207, C14, 1, 1.7195659822743434E-31
19, 206, C14, 1, 3.0052259040971442E-28
19, 204, C14, 1, 1.145269838218421E-19
19, 195, C18, 1, 2.0627482365198083E-18
19, 194, C18, 1, 1.7669105700338764E-10
19, 191, C18, 1, 7.533560691472549E-6
19, 186, C17, 1, 9.44277207299718E-25
19, 175, C24, 1, 5.876341807237578E-18
19, 174, C24, 1, 3.082961654479296E-22
19, 171, C24, 1, 8.281058038507183E-6
19, 169, C23, 1, 1.2307271318440584E-14
19, 167, C23, 1, 3.428681548858373E-8
19, 163, C23, 1, 1.601006907787047E-5
19, 160, C23, 1, 4.5651618691136005E-17
19, 159, C23, 1, 1.2553979188274904E-5
19, 153, C26, 1, 1.245130893661193E-4
19, 150, C25, 1, 2.96365110469875E-24
19, 149, C25, 1, 3.943665811400732E-4
19, 145, C28, 1, 8.961707710761497E-11
19, 144, C28, 1, 8.056123157528219E-13
19, 143, C28, 1, 0.0010479517743638702
19, 142, C28, 1, 2.350657473874211E-16
19, 141, C28, 1, 0.001006654129537041
19, 139, C27, 1, 9.44902766402807E-10
19, 138, C27, 1, 3.7616286703650395E-10
19, 137, C27, 1, 1.3502386846285457E-16
19, 136, C27, 1, 3.8558174783748407E-4
19, 135, C27, 1, 3.3917323972046073E-16
19, 134, C27, 1, 0.001475819651444733
19, 133, C32, 1, 1.0954526753E-16
19, 132, C32, 0, 0.0010914705253367788
19, 125, C30, 1, 3.5212365819171107E-4
19, 125, C30, 0, 9.986364571882875E-11
19, 124, C30, 1, 3.0518205687242385E-10
19, 124, C30, 0, 1.1522363780629608E-4
19, 118, C31, 0, 3.9178394668566423E-10
19, 116, C31, 0, 1.5632374597515292E-4
19, 115, C31, 0, 1.406310636132236E-16
19, 114, C31, 0, 6.083678431666933E-4
19, 113, C29, 1, 0.0026324027183355424
19, 113, C29, 0, 8.634868974429792E-15
19, 112, C29, 1, 8.32096730254366E-16
19, 112, C29, 0, 3.941090379924825E-15
19, 109, C29, 1, 8.32096730254366E-16
19, 109, C29, 0, 3.941090379924825E-15
19, 108, C29, 0, 4.3167757337192865E-4
19, 106, C29, 0, 2.1999517720552488E-9
19, 104, C29, 0, 0.01831537543229892
19, 102, C20, 0, 5.8783268765285464E-8
19, 101, C20, 0, 1.2017378860639521E-13
19, 98, C20, 0, 1.5693377741298555E-4
19, 96, C19, 0, 8.643367327109147E-10
19, 94, C19, 0, 3.1382266758710625E-10
19, 92, C19, 0, 0.003412603849208699
19, 91, C16, 0, 4.518960360200593E-17
19, 86, C16, 0, 1.1392034920175811E-5
19, 84, C15, 0, 8.574717006983061E-11
19, 82, C15, 0, 2.8114636321221614E-11
19, 80, C15, 0, 4.4041615993339634E-4
19, 76, C12, 0, 3.260369687678016E-24
19, 74, C12, 0, 1.0909736005141375E-24
19, 66, C10, 0, 7.626312988588532E-6
19, 64, C10, 0, 1.9517979976619584E-5
19, 63, C10, 0, 9.733492228553768E-17
19, 62, C10, 0, 7.72289030029704E-15
19, 60, C10, 0, 6.043856448905017E-16
19, 59, C9, 0, 2.947680255904586E-19
19, 53, C8, 0, 2.5148038540451605E-18
19, 52, C8, 0, 2.773902067984515E-6
19, 48, C8, 0, 4.160674117115072E-6
19, 44, C7, 0, 8.123832747050024E-7
19, 43, C7, 0, 2.52648098329359E-19
19, 42, C7, 0, 1.7398473601873334E-9
19, 40, C6, 0, 2.132077783719339E-15
19, 35, C5, 0, 6.245191689390783E-16
19, 32, C5, 0, 6.901514382780447E-21
19, 31, C5, 0, 1.3375066440894161E-18
20, 207, C14, 1, 2.7871076550410998E-28
20, 206, C14, 1, 1.9780747702289604E-26
20, 195, C18, 1, 8.751962982788878E-18
20, 194, C18, 1, 6.853472758763702E-26
20, 191, C18, 1, 2.2063288078425957E-6
20, 182, C21, 1, 5.632858971022894E-20
20, 175, C24, 1, 1.863547540263809E-17
20, 171, C24, 1, 2.4252458642108053E-6
20, 163, C23, 1, 5.315999138256595E-6
20, 160, C23, 1, 1.4584400194666347E-17
20, 159, C23, 1, 3.6766420382728106E-6
20, 157, C26, 1, 2.1019462531790403E-12
20, 153, C26, 1, 4.232154351137432E-5
20, 151, C25, 1, 5.3186412292974306E-8
20, 149, C25, 1, 1.4033104587876145E-4
20, 146, C25, 1, 1.0719048079808072E-13
20, 144, C28, 1, 2.9641563729069773E-13
20, 143, C28, 1, 3.855816091362876E-4
20, 142, C28, 1, 9.171720555537859E-17
20, 141, C28, 1, 3.8286276453181967E-4
20, 139, C27, 1, 3.7460111702415E-10
20, 138, C27, 1, 1.3840473113116102E-10
20, 137, C27, 1, 4.968045452789763E-17
20, 136, C27, 1, 1.3943487748482994E-4
20, 135, C27, 1, 1.344632289681227E-16
20, 134, C27, 1, 5.71653259404611E-4
20, 133, C32, 1, 3.208230831297438E-17
20, 132, C32, 0, 4.301970264117592E-4
20, 125, C30, 1, 1.0312591370660964E-4
20, 125, C30, 0, 2.9246733042854325E-11
20, 124, C30, 0, 3.374516272553725E-5
20, 118, C31, 1, 3.932132004657686E-23
20, 118, C31, 0, 1.5441945975410626E-10
20, 116, C31, 0, 5.548655254604001E-5
20, 115, C31, 0, 5.542895019438518E-17
20, 114, C31, 0, 2.3365721488140929E-4
20, 113, C29, 1, 0.0010436005203228538
20, 113, C29, 0, 3.9410889652687686E-15
20, 112, C29, 0, 1.7243509055395654E-15
20, 111, C29, 1, 3.746009820000798E-10
20, 109, C29, 0, 1.7243509055395654E-15
20, 108, C29, 1, 8.320961322518545E-16
20, 108, C29, 0, 1.5632622536784738E-4
20, 106, C29, 0, 8.662069316593838E-10
20, 104, C29, 0, 0.007777128020636126
20, 102, C20, 0, 1.7215659980245383E-8
20, 101, C20, 0, 4.2655254929884756E-14
20, 98, C20, 0, 5.399914424490989E-5
20, 96, C19, 0, 3.1377007821713874E-10
20, 94, C19, 0, 1.1178898794173696E-10
20, 92, C19, 0, 0.0013108707494101698
20, 91, C16, 0, 1.3234528575818784E-17
20, 86, C16, 0, 3.336347293622157E-6
20, 84, C15, 0, 2.8109924962981095E-11
20, 82, C15, 0, 8.941742217487722E-12
20, 80, C15, 0, 1.5389400386536865E-4
20, 76, C12, 0, 1.0909728164648653E-24
20, 74, C12, 0, 3.278454387130086E-25
20, 66, C10, 0, 2.2334928639246304E-6
20, 64, C10, 0, 5.716053420594982E-6
20, 63, C10, 0, 2.7722405420117174E-21
20, 62, C10, 0, 2.261777139280328E-15
20, 60, C10, 0, 1.7700440920026508E-16
20, 53, C8, 0, 7.364877507436565E-19
20, 52, C8, 0, 8.123832734558593E-7
20, 48, C8, 0, 1.218522759765768E-6
20, 43, C7, 0, 7.399220639739153E-20
20, 40, C6, 0, 6.244214139497809E-16
20, 32, C5, 0, 2.0212235121661868E-21
21, 207, C14, 1, 1.9738460494834643E-26
21, 186, C17, 1, 1.5820673557629721E-27
21, 175, C24, 1, 1.1209870320558072E-26
21, 174, C24, 1, 6.689211761369242E-24
21, 163, C23, 1, 1.5568344357747954E-6
21, 160, C23, 1, 4.2712846703446706E-18
21, 159, C23, 1, 1.0767658982754983E-6
21, 153, C26, 1, 1.4109540952886782E-5
21, 150, C25, 1, 6.851966004589614E-21
21, 149, C25, 1, 4.8997244044986014E-5
21, 145, C28, 1, 1.0742300005486146E-11
21, 144, C28, 1, 1.0719044223959579E-13
21, 143, C28, 1, 1.3943482732741339E-4
21, 142, C28, 1, 3.488297638490423E-17
21, 141, C28, 1, 1.4205470532834436E-4
21, 139, C27, 1, 1.4510034843771106E-10
21, 138, C27, 1, 5.0050208125329154E-11
21, 137, C27, 1, 1.796554979414575E-17
21, 136, C27, 1, 4.961638010212948E-5
21, 135, C27, 1, 5.2083832217878794E-17
21, 134, C27, 1, 2.170345646730934E-4
21, 133, C32, 1, 9.395896247310211E-18
21, 132, C32, 0, 1.6522674590822107E-4
21, 125, C30, 1, 3.020237817934133E-5
21, 125, C30, 0, 8.565393217150605E-12
21, 124, C30, 1, 2.6176018440310423E-11
21, 124, C30, 0, 9.882833323552342E-6
21, 118, C31, 0, 5.93082315163559E-11
21, 116, C31, 0, 1.9092297426206303E-5
21, 115, C31, 0, 2.1288722393355862E-17
21, 114, C31, 0, 8.752270709112214E-5
21, 113, C29, 1, 4.0423478463299774E-4
21, 113, C29, 0, 1.7243502865830796E-15
21, 112, C29, 1, 1.3446322896808832E-16
21, 112, C29, 0, 7.287234264187972E-16
21, 109, C29, 1, 1.3446322896819553E-16
21, 109, C29, 0, 7.287234264187972E-16
21, 108, C29, 0, 5.548753329693132E-5
21, 106, C29, 0, 3.3273282801691497E-10
21, 104, C29, 0, 0.0032046216295103843
21, 101, C20, 0, 1.4677192518604724E-14
21, 98, C20, 0, 1.816874986779921E-5
21, 96, C19, 0, 1.1177025471099118E-10
21, 94, C19, 0, 3.906226997895129E-11
21, 92, C19, 0, 4.927338876816531E-4
21, 86, C16, 0, 7.698145645528841E-25
21, 84, C15, 0, 8.940243789750666E-12
21, 82, C15, 0, 2.6186979218310244E-12
21, 80, C15, 0, 5.236585198777798E-5
21, 76, C12, 0, 3.278436996329078E-25
21, 74, C12, 0, 5.7286285832796745E-22
21, 64, C10, 0, 8.616580601413509E-7
21, 63, C10, 0, 8.118658581142107E-22
21, 53, C8, 0, 2.1569268955652344E-19
21, 40, C6, 0, 2.0169039899515854E-21
22, 206, C14, 1, 1.5173919095979167E-35
22, 194, C18, 1, 1.070549713739956E-28
22, 175, C24, 1, 3.283002493490429E-27
22, 153, C26, 1, 4.13221422706878E-6
22, 151, C25, 1, 4.954292089094652E-9
22, 149, C25, 1, 1.6662956741857336E-5
22, 146, C25, 1, 1.331765519223218E-14
22, 144, C28, 1, 3.814254956442849E-14
22, 143, C28, 1, 4.961636225415995E-5
22, 142, C28, 1, 1.2942736414940048E-17
22, 141, C28, 1, 5.158041128547054E-5
22, 139, C27, 1, 5.508897207655108E-11
22, 138, C27, 1, 1.780982057955476E-11
22, 137, C27, 1, 6.392844913763054E-18
22, 136, C27, 1, 1.7323792246180067E-5
22, 135, C27, 1, 1.977421044303519E-17
22, 134, C27, 1, 8.088598175344E-5
22, 133, C32, 1, 2.7517662786722907E-18
22, 132, C32, 0, 6.189020139217227E-5
22, 125, C30, 1, 8.845355930130376E-6
22, 125, C30, 0, 2.5085181601961736E-12
22, 124, C30, 0, 2.8943524526910303E-6
22, 118, C31, 1, 3.3726609263493324E-24
22, 118, C31, 0, 2.2215521903456008E-11
22, 116, C31, 0, 6.423864325796561E-6
22, 115, C31, 0, 7.974273832389777E-18
22, 114, C31, 0, 3.205634780920903E-5
22, 113, C29, 1, 1.5347226498790546E-4
22, 113, C29, 0, 7.287231648432155E-16
22, 112, C29, 0, 2.991254291299101E-16
22, 111, C29, 1, 5.508895411096592E-11
22, 109, C29, 0, 2.991254291299101E-16
22, 108, C29, 1, 1.344631323335788E-16
22, 108, C29, 0, 1.9092675746661643E-5
22, 106, C29, 0, 1.2506857749465735E-10
22, 104, C29, 0, 0.0012869552859366504
22, 101, C20, 0, 4.938341956357944E-15
22, 98, C20, 0, 5.321021211282798E-6
22, 96, C19, 0, 3.905572405228675E-11
22, 94, C19, 0, 1.3291804726933222E-11
22, 92, C19, 0, 1.8133495741618633E-4
22, 86, C16, 0, 2.313337702511319E-25
22, 84, C15, 0, 2.618259089050387E-12
22, 80, C15, 0, 1.5336212518820586E-5
22, 76, C12, 0, 5.728598195350494E-22
22, 52, C8, 0, 2.1477274971940645E-19
22, 41, C6, 0, 4.29194348481423E-24
23, 207, C14, 1, 1.5173902755936895E-35
23, 174, C24, 1, 5.500600545775705E-31
23, 163, C23, 1, 2.676374044178405E-29
23, 153, C26, 1, 1.2101878066342114E-6
23, 150, C25, 1, 6.382329774849861E-22
23, 149, C25, 1, 4.880024597798622E-6
23, 145, C28, 1, 1.0488626177393738E-12
23, 144, C28, 1, 1.3317650401614556E-14
23, 143, C28, 1, 1.7323786014477643E-5
23, 142, C28, 1, 4.699538412921789E-18
23, 141, C28, 1, 1.8028208528185968E-5
23, 139, C27, 1, 2.0530948751019002E-11
23, 138, C27, 1, 6.218382538727508E-12
23, 137, C27, 1, 2.2320918398342986E-18
23, 136, C27, 1, 5.891466069764828E-6
23, 135, C27, 1, 7.369593076076134E-18
23, 134, C27, 1, 2.9580273925955633E-5
23, 133, C32, 1, 8.059084627989905E-19
23, 132, C32, 0, 2.2668103944087353E-5
23, 125, C30, 1, 2.5905408089913104E-6
23, 125, C30, 0, 7.346613518494531E-13
23, 124, C30, 1, 2.245179621844767E-12
23, 118, C31, 0, 8.136728405336585E-12
23, 116, C31, 0, 1.8813357322155692E-6
23, 115, C31, 0, 2.920683146041428E-18
23, 114, C31, 0, 1.1269571460603102E-5
23, 113, C29, 1, 5.7197132835357136E-5
23, 113, C29, 0, 2.99125321758711E-16
23, 112, C29, 1, 1.9774210443030135E-17
23, 112, C29, 0, 1.1971571969179378E-16
23, 109, C29, 1, 1.977421044304746E-17
23, 109, C29, 0, 1.1971571969179378E-16
23, 108, C29, 0, 6.424006993454105E-6
23, 106, C29, 0, 4.602749220437097E-11
23, 104, C29, 0, 5.051342516013875E-4
23, 101, C20, 0, 1.4462757476186974E-15
23, 98, C20, 0, 1.558349745411023E-6
23, 96, C19, 0, 1.3289577330035172E-11
23, 94, C19, 0, 3.892726544361178E-12
23, 92, C19, 0, 6.395170771503595E-5
23, 86, C16, 0, 4.042188669789681E-22
23, 80, C15, 0, 4.491465439678593E-6
23, 53, C8, 0, 5.3693182611552247E-20
23, 40, C6, 0, 5.135317650836216E-31
24, 206, C14, 1, 1.815560035455775E-42
24, 175, C24, 1, 4.227874844987846E-40
24, 151, C25, 1, 1.3639558655549766E-24
24, 149, C25, 1, 1.429196537208624E-6
24, 146, C25, 1, 1.3264110296371693E-15
24, 144, C28, 1, 4.529059478152239E-15
24, 143, C28, 1, 5.891463950490777E-6
24, 142, C28, 1, 1.642566760020148E-18
24, 141, C28, 1, 6.13562518142675E-6
24, 139, C27, 1, 7.508236486633071E-12
24, 138, C27, 1, 2.114744232389959E-12
24, 137, C27, 1, 7.590886078585009E-19
24, 136, C27, 1, 1.725414029631793E-6
24, 135, C27, 1, 2.695084824186942E-18
24, 134, C27, 1, 1.0388490253413335E-5
24, 132, C32, 0, 7.969086771665356E-6
24, 118, C31, 1, 2.8928118309889974E-25
24, 118, C31, 0, 2.8605080892314647E-12
24, 116, C31, 0, 5.509805247750737E-7
24, 115, C31, 0, 1.026780955335071E-18
24, 114, C31, 0, 3.85146235320267E-6
24, 113, C29, 1, 2.091718268570289E-5
24, 113, C29, 0, 1.1971567671978562E-16
24, 112, C29, 0, 4.6850964220566807E-17
24, 111, C29, 1, 7.508234254535737E-12
24, 109, C29, 0, 4.6850964220566807E-17
24, 108, C29, 1, 1.9774196231926234E-17
24, 108, C29, 0, 1.881388544458426E-6
24, 106, C29, 0, 1.6232593925914925E-11
24, 104, C29, 0, 1.9315935250195827E-4
24, 96, C19, 0, 3.892074214056303E-12
24, 94, C19, 0, 1.1400498472919113E-12
24, 92, C19, 0, 2.190538725400509E-5
24, 80, C15, 0, 1.3154005117672047E-6
24, 52, C8, 0, 1.7897725395717952E-20
24, 41, C6, 0, 1.283829412709054E-31
25, 207, C14, 1, 9.077796918798668E-43
25, 174, C24, 1, 1.5175969165187149E-46
25, 150, C25, 1, 2.3803799456108234E-22
25, 148, C25, 1, 3.880460458689251E-16
25, 144, C28, 1, 1.326410552501522E-15
25, 143, C28, 1, 1.7254134089670662E-6
25, 142, C28, 1, 7.786901511094066E-13
25, 141, C28, 1, 1.796920099329572E-6
25, 140, C28, 1, 3.932217535112913E-15
25, 139, C27, 1, 2.636866751905902E-12
25, 138, C27, 1, 6.193380941926061E-13
25, 137, C27, 1, 2.223117502881601E-19
25, 135, C27, 1, 9.465045015563958E-19
25, 134, C27, 1, 3.0424425122163203E-6
25, 132, C32, 0, 2.723496434427151E-6
25, 125, C30, 1, 5.11508359856136E-6
25, 124, C30, 0, 3.984542670705784E-6
25, 118, C31, 0, 9.776005463225573E-13
25, 116, C31, 0, 3.630353894628834E-19
25, 115, C31, 0, 3.5091025495364055E-19
25, 114, C31, 0, 1.1279649411746224E-6
25, 113, C29, 1, 7.346042467464087E-6
25, 113, C29, 0, 4.685094740339341E-17
25, 112, C29, 1, 7.508228858598015E-12
25, 112, C29, 0, 4.902881121232125E-11
25, 109, C29, 1, 7.508228858605112E-12
25, 109, C29, 0, 4.970413618203592E-11
25, 108, C29, 0, 1.6232582260045347E-11
25, 106, C29, 0, 5.5601526337431866E-12
25, 105, C29, 1, 1.6080060441984933E-14
25, 105, C29, 0, 1.0500295909200707E-13
25, 104, C29, 0, 7.205995964946773E-5
25, 97, C19, 0, 1.9958203541014415E-18
25, 96, C19, 0, 1.1396678205830469E-12
25, 94, C19, 0, 1.5582080808527688E-10
25, 92, C19, 0, 7.345053833253017E-6
25, 85, C15, 0, 1.5582080808527688E-10
25, 53, C8, 0, 4.474430947404625E-21
25, 40, C6, 0, 1.5361040673239165E-38
26, 206, C14, 1, 1.0861599392619024E-49
26, 175, C24, 1, 5.447414675393018E-53
26, 151, C25, 1, 2.7435425362349524E-16
26, 148, C25, 1, 3.4234828700985403E-28
26, 142, C28, 1, 1.6371903250273832E-19
26, 141, C28, 1, 2.7806010906227123E-15
26, 139, C27, 1, 7.722530711557948E-13
26, 135, C27, 1, 2.771996183558161E-19
26, 133, C32, 1, 4.660399414751594E-19
26, 132, C32, 0, 7.976213224292318E-7
26, 125, C30, 1, 1.498038558674573E-6
26, 125, C30, 0, 1.011379765529553E-12
26, 124, C30, 1, 1.2983402307648111E-12
26, 124, C30, 0, 1.1669397301607005E-6
26, 118, C31, 0, 2.863066133329997E-13
26, 116, C31, 0, 1.240701246080692E-19
26, 115, C31, 0, 1.027699166674227E-19
26, 113, C29, 1, 2.1514109706379823E-6
26, 113, C29, 0, 4.902879361340876E-11
26, 112, C29, 0, 6.565451137837278E-18
26, 109, C29, 0, 6.565453229332426E-18
26, 108, C29, 1, 7.5082234626703E-12
26, 108, C29, 0, 5.5601486378312724E-12
26, 106, C29, 1, 4.081534344977935E-21
26, 106, C29, 0, 1.8643642288716124E-12
26, 104, C29, 0, 2.6297890718930216E-5
26, 97, C19, 0, 6.692147144277275E-19
26, 96, C19, 0, 1.5576859307851485E-10
26, 92, C19, 0, 2.1511214326320342E-6
26, 84, C15, 0, 2.382340772130285E-16
26, 52, C8, 0, 1.4914768040127348E-21
26, 41, C6, 0, 3.840260168309791E-39
27, 207, C14, 1, 5.430797746921667E-50
27, 174, C24, 1, 1.9553510965859814E-59
27, 151, C25, 1, 2.420450569813068E-28
27, 150, C25, 1, 4.9235670395886666E-23
27, 148, C25, 1, 7.52634176046596E-29
27, 142, C28, 1, 1.1854630811910137E-25
27, 138, C27, 1, 2.7720062460806444E-19
27, 125, C30, 0, 2.9619942066475505E-13
27, 118, C31, 1, 1.6728523382549714E-25
27, 116, C31, 0, 3.633600382688315E-20
27, 113, C29, 0, 6.565448781165819E-18
27, 112, C29, 0, 2.3960257177939746E-18
27, 109, C29, 1, 2.7720058575653784E-19
27, 109, C29, 0, 2.396026434194096E-18
27, 108, C29, 1, 4.0815314117038336E-21
27, 108, C29, 0, 1.864362889009971E-12
27, 106, C29, 0, 5.460101371621997E-13
27, 104, C29, 0, 9.2229047182689E-6
27, 97, C19, 0, 1.960107097686709E-19
27, 85, C15, 0, 3.9908924062311453E-20
27, 53, C8, 0, 3.7286916754278543E-22
27, 40, C6, 0, 4.5948777974130906E-46
28, 206, C14, 1, 6.497958704853616E-57
28, 175, C24, 1, 7.018733461532406E-66
28, 151, C25, 1, 4.9227419892708015E-23
28, 139, C27, 1, 9.950124556334075E-26
28, 113, C29, 0, 2.3960248577395314E-18
28, 112, C29, 0, 8.403075795667701E-19
28, 109, C29, 1, 5.258869481807011E-34
28, 109, C29, 0, 8.403078197815353E-19
28, 108, C29, 0, 2.7300501937357636E-13
28, 104, C29, 0, 2.701081361823686E-6
28, 96, C19, 0, 6.533689543865209E-20
28, 84, C15, 0, 4.775109525281702E-27
28, 52, C8, 0, 1.2428970764297546E-22
28, 41, C6, 0, 1.1487194493532727E-46
29, 207, C14, 1, 3.2489781862042975E-57
29, 174, C24, 1, 2.519376436063576E-72
29, 150, C25, 1, 8.835101580899147E-30
29, 138, C27, 1, 1.7858007059767237E-32
29, 113, C29, 0, 4.2015378978338504E-19
29, 109, C29, 0, 9.550121271958414E-7
29, 108, C29, 1, 1.7529560744526377E-34
29, 97, C19, 0, 2.1778962540360494E-20
29, 85, C15, 0, 1.5917029846463462E-27
29, 53, C8, 0, 3.1072424122377924E-23
29, 40, C6, 0, 1.374444767270295E-53
30, 206, C14, 1, 3.8874079040952274E-64
30, 175, C24, 1, 9.043302619600972E-79
30, 151, C25, 1, 8.835088895459031E-30
30, 139, C27, 1, 5.952668307684556E-33
30, 109, C29, 1, 8.764777226141572E-35
30, 108, C29, 0, 3.183372995537144E-7
30, 96, C19, 0, 3.9087839011279385E-27
30, 84, C15, 0, 1.904475317735203E-34
30, 52, C8, 0, 1.0357473468185706E-23
30, 41, C6, 0, 3.4361119181757374E-54
