cellName,zone,surfaceSize,coordinate
C2926608418352034930,Z2926608418352034930,2.25,(0.7110000001375738|3.948000000022489) (1.6771324585723448|4.206046648438526) (1.3216324585035348|5.537046648431829) (0.3555000000687869|5.279000000015799)
C2926608418352034931,Z2926608418352034930,2.25,(0.7110000001375738|3.948000000022489) (-0.25513245829719555|3.689953351606453) (-0.6106324583659642|5.0209533515997675) (0.3555000000687869|5.279000000015799)
C2926608418352034932,Z2926608418352034930,2.25,(0.3555000000687869|5.279000000015799) (1.3216324585035348|5.537046648431829) (0.9661324584348608|6.868046648425169) (0.0|6.610000000009109)
C2926608418352034933,Z2926608418352034930,2.25,(0.3555000000687869|5.279000000015799) (-0.6106324583659642|5.0209533515997675) (-0.9661324584348608|6.351953351593048) (0.0|6.610000000009109)
C185940136318352034930,Z185940136318352034930,2.25,(9.6229999999764|8.097999999989725) (9.470186581510985|9.086255057723763) (7.545586581515703|8.788655057727645) (7.69839999998112|7.800399999993601)
C185940136318352034931,Z185940136318352034930,2.25,(9.6229999999764|8.097999999989725) (9.775813418441816|7.109744942255686) (7.851213418446537|6.812144942259559) (7.69839999998112|7.800399999993601)
C185940136318352034932,Z185940136318352034930,2.25,(7.69839999998112|7.800399999993601) (7.545586581515703|8.788655057727645) (5.620986581520423|8.491055057731526) (5.77379999998584|7.502799999997478)
C185940136318352034933,Z185940136318352034930,2.25,(7.69839999998112|7.800399999993601) (7.851213418446537|6.812144942259559) (5.926613418451257|6.514544942263432) (5.77379999998584|7.502799999997478)
C185940136318352034934,Z185940136318352034931,2.25,(5.77379999998584|7.502799999997478) (5.620986581520423|8.491055057731526) (3.6963865815251427|8.193455057735402) (3.84919999999056|7.205200000001355)
C185940136318352034935,Z185940136318352034931,2.25,(5.77379999998584|7.502799999997478) (5.926613418451257|6.514544942263432) (4.002013418455977|6.216944942267308) (3.84919999999056|7.205200000001355)
C185940136318352034936,Z185940136318352034931,2.25,(3.84919999999056|7.205200000001355) (3.6963865815251427|8.193455057735402) (1.7717865815298632|7.895855057739275) (1.92459999999528|6.907600000005232)
C185940136318352034937,Z185940136318352034931,2.25,(3.84919999999056|7.205200000001355) (4.002013418455977|6.216944942267308) (2.0774134184606967|5.91934494227119) (1.92459999999528|6.907600000005232)
C185940136318352034938,Z185940136318352034932,2.25,(1.92459999999528|6.907600000005232) (1.7717865815298632|7.895855057739275) (-0.15281341846541666|7.598255057743151) (0.0|6.610000000009109)
C185940136318352034939,Z185940136318352034932,2.25,(1.92459999999528|6.907600000005232) (2.0774134184606967|5.91934494227119) (0.1528134184654168|5.621744942275066) (0.0|6.610000000009109)
C185940136318594013840,Z185940136318594013840,2.25,(9.6229999999764|8.097999999989725) (10.594108149924544|8.336639814572122) (10.992108149943089|6.71703981457423) (10.020999999994729|6.47839999999178)
C185940136318594013841,Z185940136318594013840,2.25,(9.6229999999764|8.097999999989725) (8.651891850028257|7.859360185407327) (9.049891850046372|6.23976018540933) (10.020999999994729|6.47839999999178)
C185940136318594013842,Z185940136318594013840,2.25,(10.020999999994729|6.47839999999178) (10.992108149943089|6.71703981457423) (11.390108149961389|5.097439814576278) (10.419000000013057|4.858799999993835)
C185940136318594013843,Z185940136318594013840,2.25,(10.020999999994729|6.47839999999178) (9.049891850046372|6.23976018540933) (9.447891850064725|4.620160185411391) (10.419000000013057|4.858799999993835)
C185940136318594013844,Z185940136318594013841,2.25,(10.419000000013057|4.858799999993835) (11.390108149961389|5.097439814576278) (11.788108149979715|3.4778398145783327) (10.817000000031385|3.23919999999589)
C185940136318594013845,Z185940136318594013841,2.25,(10.419000000013057|4.858799999993835) (9.447891850064725|4.620160185411391) (9.845891850083055|3.000560185413447) (10.817000000031385|3.23919999999589)
C185940136318594013846,Z185940136318594013841,2.25,(10.817000000031385|3.23919999999589) (11.788108149979715|3.4778398145783327) (12.186108149998041|1.8582398145803871) (11.215000000049713|1.619599999997945)
C185940136318594013847,Z185940136318594013841,2.25,(10.817000000031385|3.23919999999589) (9.845891850083055|3.000560185413447) (10.243891850101384|1.3809601854155027) (11.215000000049713|1.619599999997945)
C185940136318594013848,Z185940136318594013842,2.25,(11.215000000049713|1.619599999997945) (12.186108149998041|1.8582398145803871) (12.584108150016366|0.23863981458244146) (11.613000000068041|0.0)
C185940136318594013849,Z185940136318594013842,2.25,(11.215000000049713|1.619599999997945) (10.243891850101384|1.3809601854155027) (10.641891850119716|-0.23863981458244146) (11.613000000068041|0.0)
C185940136318594013710,Z185940136318594013710,2.25,(9.6229999999764|8.097999999989725) (10.602196600426131|8.300913818315827) (10.262596600464684|9.939713818324918) (9.283400000015263|9.73679999999888)
C185940136318594013711,Z185940136318594013710,2.25,(9.6229999999764|8.097999999989725) (8.64380339952667|7.895086181663622) (8.304203399565841|9.533886181672841) (9.283400000015263|9.73679999999888)
C185940136318594013712,Z185940136318594013710,2.25,(9.283400000015263|9.73679999999888) (10.262596600464684|9.939713818324918) (9.92299660050401|11.57851381833417) (8.943800000054125|11.375600000008035)
C185940136318594013713,Z185940136318594013710,2.25,(9.283400000015263|9.73679999999888) (8.304203399565841|9.533886181672841) (7.964603399604232|11.172686181681899) (8.943800000054125|11.375600000008035)
C185940136318594013714,Z185940136318594013711,2.25,(8.943800000054125|11.375600000008035) (9.92299660050401|11.57851381833417) (9.58339660054288|13.217313818343326) (8.604200000092987|13.01440000001719)
C185940136318594013715,Z185940136318594013711,2.25,(8.943800000054125|11.375600000008035) (7.964603399604232|11.172686181681899) (7.625003399643103|12.811486181691055) (8.604200000092987|13.01440000001719)
C185940136318594013716,Z185940136318594013711,2.25,(8.604200000092987|13.01440000001719) (9.58339660054288|13.217313818343326) (9.243796600581742|14.856113818352481) (8.26460000013185|14.653200000026345)
C185940136318594013717,Z185940136318594013711,2.25,(8.604200000092987|13.01440000001719) (7.625003399643103|12.811486181691055) (7.285403399681965|14.45028618170021) (8.26460000013185|14.653200000026345)
C185940136318594013718,Z185940136318594013712,2.25,(8.26460000013185|14.653200000026345) (9.243796600581742|14.856113818352481) (8.904196600619654|16.49491381836144) (7.925000000170712|16.2920000000355)
C185940136318594013719,Z185940136318594013712,2.25,(8.26460000013185|14.653200000026345) (7.285403399681965|14.45028618170021) (6.945803399721753|16.089086181709558) (7.925000000170712|16.2920000000355)
