#cellName,zone,surfaceSize,coordinate
C1,Z1,2.25,(0|0) (0|1.5) (1.5|1.5) (1.5|0)
C2,Z1,2.25,(1.5|0) (1.5|1.5) (3|1.5) (3|0)
C3,Z1,2.25,(0|1.5) (0|3) (1.5|3) (1.5|1.5)
C4,Z1,2.25,(1.5|1.5) (1.5|3) (3|3) (3|1.5)
C5,Z2,2.25,(0|3) (0|4.5) (1.5|4.5) (1.5|3)
C6,Z2,2.25,(1.5|3) (1.5|4.5) (3|4.5) (3|3)
C7,Z2,2.25,(0|4.5) (0|6) (1.5|6) (1.5|4.5)
C8,Z2,2.25,(1.5|4.5) (1.5|6) (3|6) (3|4.5)
C9,Z3,2.25,(0|6) (0|7.5) (1.5|7.5) (1.5|6)
C10,Z3,2.25,(1.5|6) (1.5|7.5) (3|7.5) (3|6)
C11,Z3,2.25,(0|7.5) (0|9) (1.5|9) (1.5|7.5)
C12,Z3,2.25,(1.5|7.5) (1.5|9) (3|9) (3|7.5)
C13,Z4,2.25,(3|0) (3|1.5) (4.5|1.5) (4.5|0)
C14,Z4,2.25,(3|1.5) (3|3) (4.5|3) (4.5|1.5)
C15,Z5,2.25,(3|6) (3|7.5) (4.5|7.5) (4.5|6)
C16,Z5,2.25,(3|7.5) (3|9) (4.5|9) (4.5|7.5)
C17,Z4,2.25,(4.5|0) (4.5|1.5) (6|1.5) (6|0)
C18,Z4,2.25,(4.5|1.5) (4.5|3) (6|3) (6|1.5)
C19,Z5,2.25,(4.5|6) (4.5|7.5) (6|7.5) (6|6)
C20,Z5,2.05,(4.5|7.5) (4.5|9) (6|9) (6|7.5)
C21,Z6,2.25,(6|0) (6|1.5) (7.5|1.5) (7.5|0)
C22,Z6,2.25,(7.5|0) (7.5|1.5) (9|1.5) (9|0)
C23,Z6,2.25,(6|1.5) (6|3) (7.5|3) (7.5|1.5)
C24,Z6,2.25,(7.5|1.5) (7.5|3) (9|3) (9|1.5)
C25,Z7,2.25,(6|3) (6|4.5) (7.5|4.5) (7.5|3)
C26,Z7,2.25,(7.5|3) (7.5|4.5) (9|4.5) (9|3)
C27,Z7,2.25,(6|4.5) (6|6) (7.5|6) (7.5|4.5)
C28,Z7,2.25,(7.5|4.5) (7.5|6) (9|6) (9|4.5)
C29,Z8,2.25,(6|6) (6|7.5) (7.5|7.5) (7.5|6)
C30,Z8,2.25,(7.5|6) (7.5|7.5) (9|7.5) (9|6)
C31,Z8,2.25,(6|7.5) (6|9) (7.5|9) (7.5|7.5)
C32,Z8,2.25,(7.5|7.5) (7.5|9) (9|9) (9|7.5)