cellName,startTime,endTime,percentage
C58271763582718560,0,0,0
C58271763582718561,0,0,0
C58271763582718562,0,0,0
C58271763582718563,0,0,0
C58271763582718564,0,0,0
C58271763582718565,0,0,0
C58271763582718566,0,0,0
C58271763582718567,0,0,0
C58271763582718568,0,0,0
C58271763582718569,0,0,0
C5827176318386516420,0,0,0
C5827176318386516421,0,0,0
C5827176318386516422,0,0,0
C191697721619169649850,0,0,0
C191697721619169649851,0,0,0
C19169772164594298840,0,0,0
C19169772164594298841,0,0,0
C19169772164594298842,0,0,0
C19169772164594298843,0,0,0
C19169772164594298844,0,0,0
C19169772164594298845,0,0,0
C191697721619169805230,0,0,0
C191697721619169805231,0,0,0
C191697721619169805232,0,0,0
C191697721619169805233,0,0,0
C191697721619169805234,0,0,0
C191697721619169805235,0,0,0
C582718564594298840,0,0,0
C582718564594298841,0,0,0
C582718564594298842,0,0,0
C582718564594298843,0,0,0
C582718564594298844,0,0,0
C582718564594298845,0,0,0
C582718564594298846,0,0,0
C582718564594298847,0,0,0
C582718564594298848,0,0,0
C582718564594298849,0,0,0
C5827185645942988410,0,0,0
C5827185645942988411,0,0,0
C5827185645942988412,0,0,0
C5827185645942988413,0,0,0
C186088971216097832840,0,0,0
C186088971216097832841,0,0,0
C186088971216097832842,0,0,0
C186088971216097832843,0,0,0
C186088971216097832844,0,0,0
C186088971216097832845,0,0,0
C186088971216097832846,0,0,0
C186088971218608413040,0,0,0
C186088971218608413041,0,0,0
C186088971218608413042,0,0,0
C186088971218608413043,0,0,0
C186088971218608413044,0,0,0
C186088971218608413045,0,0,0
C186088971218608413046,0,0,0
C186088971218608413047,0,0,0
C186088971218608413048,0,0,0
C186088971218608413049,0,0,0
C1860889712186084130410,0,0,0
C1860889712186084130411,0,0,0
C186088971216097668250,0,0,0
C186088971216097668251,0,0,0
C186088971216097668252,0,0,0
C186088971216097668253,0,0,0
C186088971216097668254,0,0,0
C186088971216097668255,0,0,0
C186088971216097668256,0,0,0
C186088971216097668257,0,0,0
C186088971216097668258,0,0,0
C186088971216097668259,0,0,0
C1860889712160976682510,0,0,0
C1860889712160976682511,0,0,0
C1860889712160976682512,0,0,0
C1860889712160976682513,0,0,0
C1860889712160976682514,0,0,0
C1860889712160976682515,0,0,0
C1860889712160976682516,0,0,0
C1860889712160976682517,0,0,0
C1860889712160976682518,0,0,0
C1860889712160976682519,0,0,0
C1860889712160976682520,0,0,0
C1860889712160976682521,0,0,0
C1860889712160976682522,0,0,0
C1860889712160976682523,0,0,0
C1860889712160976682524,0,0,0
C1860889712160976682525,0,0,0
C1860889712160976682526,0,0,0
C1860889712160976682527,0,0,0
C29266038287828230,0,0,0
C29266038287828231,0,0,0
C29266038287828232,0,0,0
C29266038287828233,0,0,0
C2926603818594013860,0,0,0
C2926603818594013861,0,0,0
C2926603818594013862,0,0,0
C2926603818594013863,0,0,0
C2926603818594013864,0,0,0
C2926603818594013865,0,0,0
C29266038292660840,0,0,0
C29266038292660841,0,0,0
C29266038292660842,0,0,0
C29266038292660843,0,0,0
C29266038292660844,0,0,0
C29266038292660845,0,0,0
C29266038292660846,0,0,0
C29266038292660847,0,0,0
C29266038292660848,0,0,0
C29266038292660849,0,0,0
C2926603818352034850,0,0,0
C2926603818352034851,0,0,0
C2926603818352034852,0,0,0
C2926603818352034853,0,0,0
C2926603818352034854,0,0,0
C2926603818352034855,0,0,0
C2926603818352034856,0,0,0
C2926603818352034857,0,0,0
C2926603818352034858,0,0,0
C2926603818352034859,0,0,0
C29266038183520348510,0,0,0
C29266038183520348511,0,0,0
C29266038183520348512,0,0,0
C29266038183520348513,0,0,0
C29266038183520348514,0,0,0
C29266038183520348515,0,0,0
C29266038183520348516,0,0,0
C191696498518594013580,0,0,0
C292660412493609330,0,0,0
C292660412493609331,0,0,0
C292660412493609332,0,0,0
C292660412493609333,0,0,0
C29266041281859440,0,0,0
C29266041281859441,0,0,0
C29266041281859442,0,0,0
C29266041281859443,0,0,0
C2926604120392096320,0,0,0
C2926604120392096321,0,0,0
C3198435488287830700,0,0,0
C3198435488287830701,0,0,0
C3198435488287830702,0,0,0
C3198435488287830703,0,0,0
C3198435488287830704,0,0,0
C319843548823058907500,0,0,0
C319843548823058907501,0,0,0
C319843548823058907502,0,0,0
C319843548823058907503,0,0,0
C319843548823058907504,0,0,0
C319843548823058907505,0,0,0
C319843548823058907506,0,0,0
C319843548823058907507,0,0,0
C319843548823058907508,0,0,0
C319843548823058907509,0,0,0
C3198435488230589075010,0,0,0
C3198435488230589075011,0,0,0
C3198435488230589075012,0,0,0
C3198435488230589075013,0,0,0
C3198435488287828200,0,0,0
C3198435488287828201,0,0,0
C3198435488287828202,0,0,0
C3198435488287828203,0,0,0
C3198435488287828204,0,0,0
C3198435488287828205,0,0,0
C3198435488287828206,0,0,0
C3198435488287828207,0,0,0
C3198435488287828208,0,0,0
C3198435488287828209,0,0,0
C31984354882878282010,0,0,0
C31984354882878282011,0,0,0
C31984354882878282012,0,0,0
C31984354882878282013,0,0,0
C31984354882878282014,0,0,0
C31984354882878282015,0,0,0
C18337732199943574300,0,0,0
C18337732199943574301,0,0,0
C18337732199943574302,0,0,0
C18337732199943574303,0,0,0
C18337732199943574304,0,0,0
C18337732199943574305,0,0,0
C18337732199943574306,0,0,0
C18337732199943574307,0,0,0
C18337732199943574308,0,0,0
C18337732199943574309,0,0,0
C183377321999435743010,0,0,0
C183377321999435743011,0,0,0
C183377321999435743012,0,0,0
C183377321999435743013,0,0,0
C183377321999435743014,0,0,0
C183377321926106600810,0,0,0
C183377321926106600811,0,0,0
C183377321926106600812,0,0,0
C183377321926106600813,0,0,0
C183377321926106600814,0,0,0
C183377321926106600815,0,0,0
C29266084287828200,0,0,0
C29266084287828201,0,0,0
C29266084287828202,0,0,0
C29266084287828203,0,0,0
C2926608418352034930,0,0,0
C2926608418352034931,0,0,0
C229906960422990696120,0,0,0
C229906960422990696121,0,0,0
C229906960422990696122,0,0,0
C2299069604281871500,0,0,0
C2299069604281871501,0,0,0
C2299069604281871502,0,0,0
C2299069604281871503,0,0,0
C229906960422990696100,0,0,0
C229906960422990696101,0,0,0
C229906960422990696102,0,0,0
C229906960422990696103,0,0,0
C229906960422990696104,0,0,0
C229906960422990696105,0,0,0
C229906960422990696106,0,0,0
C229906960422990696107,0,0,0
C229906960422990696108,0,0,0
C229906960818337583670,0,0,0
C229906960818337583671,0,0,0
C229906960818337583672,0,0,0
C2299069608281859370,0,0,0
C2299069608281859371,0,0,0
C2299069608281859372,0,0,0
C2299069608281859373,0,0,0
C2299069608281859374,0,0,0
C2299069608281859375,0,0,0
C2299069608281859376,0,0,0
C2299069608281859377,0,0,0
C2299069608281859378,0,0,0
C2299069608281859379,0,0,0
C22990696082818593710,0,0,0
C22990696082818593711,0,0,0
C22990696082818593712,0,0,0
C22990696082818593713,0,0,0
C22990696082818593714,0,0,0
C22990696082818593715,0,0,0
C22990696082818593716,0,0,0
C22990696082818593717,0,0,0
C229906960822990696100,0,0,0
C229906960822990696101,0,0,0
C229906960822990696102,0,0,0
C229906961022990696120,0,0,0
C229906961022990696121,0,0,0
C229906961022990696122,0,0,0
C229906961022990696123,0,0,0
C229906961022990696124,0,0,0
C229906961022990696125,0,0,0
C2299069612282762660,0,0,0
C2299069612282762661,0,0,0
C2299069612282762662,0,0,0
C2299069612282762663,0,0,0
C2299069612282762664,0,0,0
C2299069612282762665,0,0,0
C2299069612282762666,0,0,0
C2299069612282762667,0,0,0
C2299069612282762668,0,0,0
C2299069612282762669,0,0,0
C22990696122827626610,0,0,0
C22990696122827626611,0,0,0
C22990696122827626612,0,0,0
C22990696122827626613,0,0,0
C22990696122827626614,0,0,0
C22990696122827626615,0,0,0
C22990696122827626616,0,0,0
C22990696122827626617,0,0,0
C99435743026202855610,0,0,0
C99435743026202855611,0,0,0
C99435743026202855612,0,0,0
C99435743026202855613,0,0,0
C99435743026202855614,0,0,0
C99435743026202855615,0,0,0
C99435743026202855616,0,0,0
C99435743018647608570,0,0,0
C99435743018647608571,0,0,0
C99435743018647608572,0,0,0
C99435743018647608573,0,0,0
C99435743018647608574,0,0,0
C99435743018647608575,0,0,0
C99435743018647608576,0,0,0
C99435743018647608577,0,0,0
C99435743018647608578,0,0,0
C99435743018647608579,0,0,0
C994357430186476085710,0,0,0
C28782793287827940,0,0,0
C28782793287827941,0,0,0
C28782793287827942,0,0,0
C28782793287830700,0,0,0
C28782793287830701,0,0,0
C28782793287830702,0,0,0
C28782793287830703,0,0,0
C28782793287830704,0,0,0
C28782793287830705,0,0,0
C28782793287830706,0,0,0
C28782793287830707,0,0,0
C28782793287830708,0,0,0
C28782793287830709,0,0,0
C287827932878307010,0,0,0
C287827932878307011,0,0,0
C287827932878307012,0,0,0
C287827932878307013,0,0,0
C287827932878307014,0,0,0
C287827932878307015,0,0,0
C287827932878307016,0,0,0
C287827932878307017,0,0,0
C287827932878307018,0,0,0
C287827932878307019,0,0,0
C2878279318339439350,0,0,0
C28782794287828230,0,0,0
C28782794287828231,0,0,0
C28782794287828232,0,0,0
C28782794287828233,0,0,0
C28782794287828234,0,0,0
C28782794287828235,0,0,0
C28782794287828236,0,0,0
C28782794287828237,0,0,0
C28782794287828238,0,0,0
C28782794287828239,0,0,0
C287827942878282310,0,0,0
C287827942878282311,0,0,0
C287827942878282312,0,0,0
C287827942878282313,0,0,0
C287827942878282314,0,0,0
C287827942878282315,0,0,0
C287827942878282316,0,0,0
C287827942878282317,0,0,0
C287827942878282318,0,0,0
C287827942878282319,0,0,0
C287827942878282320,0,0,0
C2878280918594013900,0,0,0
C2878280918594013901,0,0,0
C2878280918594013902,0,0,0
C2878280918594013903,0,0,0
C2878280918594013904,0,0,0
C2878280918594013905,0,0,0
C2878280918594013906,0,0,0
C287828093786481800,0,0,0
C287828093786481801,0,0,0
C287828093786481802,0,0,0
C287828093786481803,0,0,0
C287828093786481804,0,0,0
C287828093786481805,0,0,0
C28782809287828180,0,0,0
C28782809287828181,0,0,0
C28782809287828182,0,0,0
C28782809287828183,0,0,0
C28782809287828184,0,0,0
C28782809287828185,0,0,0
C28782809287828186,0,0,0
C28782809287828187,0,0,0
C28782809287828188,0,0,0
C2878281318386516420,0,0,0
C2878281318386516421,0,0,0
C2878281318386516422,0,0,0
C2878281318386516423,0,0,0
C2878281318386516424,0,0,0
C2878281318386516425,0,0,0
C2878281318386516426,0,0,0
C2878281318386516427,0,0,0
C2878281318386516428,0,0,0
C2878281318386516429,0,0,0
C28782813183865164210,0,0,0
C28782813183865164211,0,0,0
C28782813183865164212,0,0,0
C287828134594298840,0,0,0
C287828134594298841,0,0,0
C287828134594298842,0,0,0
C287828134594298843,0,0,0
C287828134594298844,0,0,0
C287828134594298845,0,0,0
C287828134594298846,0,0,0
C287828134594298847,0,0,0
C287828134594298848,0,0,0
C287828134594298849,0,0,0
C2878281345942988410,0,0,0
C2878281345942988411,0,0,0
C2878281345942988412,0,0,0
C2878281345942988413,0,0,0
C2878281345942988414,0,0,0
C287828133786481800,0,0,0
C287828133786481801,0,0,0
C287828133786481802,0,0,0
C287828133786481803,0,0,0
C287828133786481804,0,0,0
C287828133786481805,0,0,0
C287828133786481806,0,0,0
C287828133786481807,0,0,0
C287828133786481808,0,0,0
C287828133786481809,0,0,0
C2878281337864818010,0,0,0
C2878281337864818011,0,0,0
C2878281337864818012,0,0,0
C2878281337864818013,0,0,0
C2878281818352034930,0,0,0
C2878281818352034931,0,0,0
C2878281818352034932,0,0,0
C2878281818352034933,0,0,0
C28782818287828200,0,0,0
C28782818287828201,0,0,0
C28782818287828202,0,0,0
C28782818287828203,0,0,0
C28782818287828204,0,0,0
C28782820287828230,0,0,0
C28782820287828231,0,0,0
C28782820287828232,0,0,0
C28782820287828233,0,0,0
C28782820287828234,0,0,0
C28782820287828235,0,0,0
C28782820287828236,0,0,0
C28782820287828237,0,0,0
C28782820287828238,0,0,0
C28782820287828239,0,0,0
C287828202878282310,0,0,0
C287828202878282311,0,0,0
C228522826812342872250,0,0,0
C228522826812342872251,0,0,0
C228522826812342872252,0,0,0
C228522826812342872253,0,0,0
C2285228268281871450,0,0,0
C2285228268281871451,0,0,0
C2285228268281871452,0,0,0
C228522826812342872260,0,0,0
C228522826812342872261,0,0,0
C228522826812342872262,0,0,0
C228522826812342872263,0,0,0
C183865164216292315880,0,0,0
C183865164216292315881,0,0,0
C183865164216292315882,0,0,0
C123429304012342930460,0,0,0
C123429304012342930461,0,0,0
C123429304022789655820,0,0,0
C123429304012342930450,0,0,0
C123429304512342930460,0,0,0
C123429304512342930461,0,0,0
C123429304512342930462,0,0,0
C123429304521370705800,0,0,0
C123429304618647608570,0,0,0
C123429304618647608571,0,0,0
C191698053518352034810,0,0,0
C191698053518352034811,0,0,0
C191698053518352034812,0,0,0
C19169805352493609660,0,0,0
C19169805352493609661,0,0,0
C19169805352493609662,0,0,0
C19169805352493609663,0,0,0
C19169805352493609664,0,0,0
C19169805352493609665,0,0,0
C19169805352493609666,0,0,0
C19169805352493609667,0,0,0
C19169805352493609668,0,0,0
C19169805352493609669,0,0,0
C191698053524936096610,0,0,0
C191698053524936096611,0,0,0
C191698053524936096612,0,0,0
C191698053524936096613,0,0,0
C191698053524936096614,0,0,0
C191698053524936096615,0,0,0
C191698053518352034850,0,0,0
C191698053518352034851,0,0,0
C191698053518352034852,0,0,0
C191698053518352034853,0,0,0
C191698053518352034854,0,0,0
C191698053518352034855,0,0,0
C191698053518352034856,0,0,0
C191698053518352034857,0,0,0
C191698053518352034858,0,0,0
C191698053518352034859,0,0,0
C1916980535183520348510,0,0,0
C1916980535183520348511,0,0,0
C1916980535183520348512,0,0,0
C2278965582281871450,0,0,0
C227896558261473934730,0,0,0
C28185937282762660,0,0,0
C28185937282762661,0,0,0
C28185937282762662,0,0,0
C28185937282762663,0,0,0
C28185937282762664,0,0,0
C28185937282762665,0,0,0
C2818593716097746760,0,0,0
C2818593716097746761,0,0,0
C2818593716097746762,0,0,0
C2818593716097746763,0,0,0
C2818593716097746764,0,0,0
C2818593716097746765,0,0,0
C2818593716097746766,0,0,0
C2818593716097746767,0,0,0
C2818593716097746768,0,0,0
C2818593716097746769,0,0,0
C28185937160977467610,0,0,0
C28185937160977467611,0,0,0
C28185937160977467612,0,0,0
C28185937160977467613,0,0,0
C28185937160977467614,0,0,0
C28185937160977467615,0,0,0
C28185937160977467616,0,0,0
C28185937160977467617,0,0,0
C28185937160977467618,0,0,0
C28185937160977467619,0,0,0
C28185937160977467620,0,0,0
C28185937160977467621,0,0,0
C28185937160977467622,0,0,0
C28185937160977467623,0,0,0
C2818594418337583680,0,0,0
C2818594414197325870,0,0,0
C230589073423058908090,0,0,0
C230589073423058908091,0,0,0
C230589073423058908092,0,0,0
C230589073423058908093,0,0,0
C230589073423058908094,0,0,0
C230589073423058908095,0,0,0
C230589073423058908096,0,0,0
C230589073423058908097,0,0,0
C230589073423058908098,0,0,0
C230589073423058908099,0,0,0
C2305890734230589080910,0,0,0
C2305890734230589080911,0,0,0
C2305890734230589080912,0,0,0
C2305890734230589080913,0,0,0
C2305890734230589080914,0,0,0
C230589075018594013580,0,0,0
C230589075018594013581,0,0,0
C230589075018594013582,0,0,0
C230589075018594013583,0,0,0
C230589075018594013584,0,0,0
C230589075018594013585,0,0,0
C230589075018594013586,0,0,0
C230589075018594013587,0,0,0
C230589075018594013588,0,0,0
C230589075018594013589,0,0,0
C2305890750185940135810,0,0,0
C2305890750185940135811,0,0,0
C2305890750185940135812,0,0,0
C2305890750185940135813,0,0,0
C2305890750185940135814,0,0,0
C2305890750185940135815,0,0,0
C2305890750185940135816,0,0,0
C2305890750185940135817,0,0,0
C2305890750185940135818,0,0,0
C2305890750185940135819,0,0,0
C2305890750185940135820,0,0,0
C2305890750185940135821,0,0,0
C2305890750185940135822,0,0,0
C2305890750185940135823,0,0,0
C2305890750185940135824,0,0,0
C2305890750185940135825,0,0,0
C230589075023058908090,0,0,0
C230589075023058908091,0,0,0
C230589075023058908092,0,0,0
C230589075023058908093,0,0,0
C230589075023058908094,0,0,0
C230589075023058908095,0,0,0
C230589075026331532710,0,0,0
C230589075026331532711,0,0,0
C230589075026331532712,0,0,0
C230589075026331532713,0,0,0
C230589075026331532714,0,0,0
C230589075026331532715,0,0,0
C230589075026331532716,0,0,0
C230589075026331532717,0,0,0
C230589075026331532718,0,0,0
C230589075026331532719,0,0,0
C2305890750263315327110,0,0,0
C2305890750263315327111,0,0,0
C2305890750263315327112,0,0,0
C2305890750263315327113,0,0,0
C186476078526202855610,0,0,0
C186476078718647608700,0,0,0
C186476078718647608701,0,0,0
C186476078718647608702,0,0,0
C186476078718647608703,0,0,0
C186476078718647608704,0,0,0
C186476078726202855610,0,0,0
C186476078726202855611,0,0,0
C186476078726202855612,0,0,0
C186476078726202855613,0,0,0
C186476078726202855614,0,0,0
C186476078726202855615,0,0,0
C186476078726202855616,0,0,0
C186476078726202855617,0,0,0
C186476078726202855618,0,0,0
C186476078726202855619,0,0,0
C1864760787262028556110,0,0,0
C186476078718647608480,0,0,0
C186476078718647608481,0,0,0
C186476078718647608482,0,0,0
C186476078718647608483,0,0,0
C186476078718647608484,0,0,0
C186476078718647608485,0,0,0
C2878307023925788530,0,0,0
C2878307023925788531,0,0,0
C162923158814197326140,0,0,0
C162923158814197326141,0,0,0
C162923158814197326142,0,0,0
C162923158814197326143,0,0,0
C162923158814197326144,0,0,0
C162923158814197326145,0,0,0
C162923158814197326146,0,0,0
C162923158814197326147,0,0,0
C162923158814197326148,0,0,0
C2818714518337583560,0,0,0
C2818714518337583561,0,0,0
C2818714518337583562,0,0,0
C2818715016097832830,0,0,0
C2818715016097832831,0,0,0
C2818715016097832832,0,0,0
C2818715016097832833,0,0,0
C2818715016097832834,0,0,0
C2818715016097832835,0,0,0
C2818715012342872250,0,0,0
C2818715012342872251,0,0,0
C2818715012342872252,0,0,0
C2818715012342872253,0,0,0
C186476084826106600810,0,0,0
C186476084826106600811,0,0,0
C186476084826106600812,0,0,0
C185940431318352034770,0,0,0
C185940431318352034810,0,0,0
C185940431318352034811,0,0,0
C185940431318352034812,0,0,0
C185940431318352034813,0,0,0
C185940431318352034814,0,0,0
C185940431318352034815,0,0,0
C185940431318352034816,0,0,0
C185940431318352034817,0,0,0
C185940431318352034818,0,0,0
C185940431318352034819,0,0,0
C1859404313183520348110,0,0,0
C1859404313183520348111,0,0,0
C1859404313183520348112,0,0,0
C1859404313183520348113,0,0,0
C1859404313183520348114,0,0,0
C1859404313183520348115,0,0,0
C1859404313183520348116,0,0,0
C1859404313183520348117,0,0,0
C1859404313183520348118,0,0,0
C1859404313183520348119,0,0,0
C1859404313183520348120,0,0,0
C1859404313183520348121,0,0,0
C1859404313183520348122,0,0,0
C1859404313183520348123,0,0,0
C185940431318352034810,0,0,0
C185940431318352034811,0,0,0
C185940431318352034812,0,0,0
C185940431318352034813,0,0,0
C185940431318352034814,0,0,0
C185940431318352034815,0,0,0
C185940431318352034816,0,0,0
C185940431318352034817,0,0,0
C185940431318352034818,0,0,0
C185940431318352034819,0,0,0
C1859404313183520348110,0,0,0
C1859404313183520348111,0,0,0
C1859404313183520348112,0,0,0
C1859404313183520348113,0,0,0
C1859404313183520348114,0,0,0
C1859404313183520348115,0,0,0
C1859404313183520348116,0,0,0
C1859404313183520348117,0,0,0
C1859404313183520348118,0,0,0
C1859404313183520348119,0,0,0
C1859404313183520348120,0,0,0
C1859404313183520348121,0,0,0
C1859404313183520348122,0,0,0
C1859404313183520348123,0,0,0
C186476085712342872150,0,0,0
C186476085712342872151,0,0,0
C186476085712342872152,0,0,0
C186476085712342872153,0,0,0
C186476085712342872154,0,0,0
C186476085712342872155,0,0,0
C24936093318594013860,0,0,0
C24936093318594013861,0,0,0
C2493609332493609660,0,0,0
C2493609332493609661,0,0,0
C2493609332493609662,0,0,0
C2493609332493609663,0,0,0
C2493609332493609664,0,0,0
C2493609332493609665,0,0,0
C2493609332493609666,0,0,0
C2493609332493609667,0,0,0
C2493609332493609668,0,0,0
C2493609332493609669,0,0,0
C24936093324936096610,0,0,0
C24936093324936096611,0,0,0
C24936093324936096612,0,0,0
C24936093324936096613,0,0,0
C24936093324936096614,0,0,0
C24936093324936096615,0,0,0
C24936093324936096616,0,0,0
C24936093324936096617,0,0,0
C24936093324936096618,0,0,0
C24936093324936096619,0,0,0
C186476087016097832750,0,0,0
C186476087016097832751,0,0,0
C186476087016097832752,0,0,0
C186476087016097832753,0,0,0
C186476087016097832754,0,0,0
C186476087016097832755,0,0,0
C186476087016097832756,0,0,0
C186476087016097832757,0,0,0
C186476087012342872300,0,0,0
C186476087012342872301,0,0,0
C186476087012342872302,0,0,0
C186476087012342872303,0,0,0
C186476087012342872304,0,0,0
C186476087012342872305,0,0,0
C186476087012342872306,0,0,0
C186476087012342872307,0,0,0
C186476087012342872308,0,0,0
C186476087012342872309,0,0,0
C1864760870123428723010,0,0,0
C1864760870123428723011,0,0,0
C1864760870123428723012,0,0,0
C1864760870123428723013,0,0,0
C1864760870123428723014,0,0,0
C1864760870123428723015,0,0,0
C2827626618609048460,0,0,0
C644437560812342872130,0,0,0
C644437560864443756460,0,0,0
C644437560864443756461,0,0,0
C644437560864443756462,0,0,0
C644437560864443756463,0,0,0
C644437560812342872260,0,0,0
C644437560812342872261,0,0,0
C644437560812342872262,0,0,0
C24936096620392096320,0,0,0
C24936096620392096321,0,0,0
C24936096620392096322,0,0,0
C24936096620392096323,0,0,0
C24936096620392096324,0,0,0
C24936096620392096325,0,0,0
C24936096620392096326,0,0,0
C24936096620392096327,0,0,0
C24936096620392096328,0,0,0
C24936096620392096329,0,0,0
C249360966203920963210,0,0,0
C249360966203920963211,0,0,0
C249360966203920963212,0,0,0
C249360966203920963213,0,0,0
C249360966203920963214,0,0,0
C249360966203920963215,0,0,0
C249360966203920963216,0,0,0
C249360966203920963217,0,0,0
C249360966203920963218,0,0,0
C249360966203920963219,0,0,0
C249360966203920963220,0,0,0
C249360966203920963221,0,0,0
C644437564612342872300,0,0,0
C644437564612342872150,0,0,0
C644437564612342872151,0,0,0
C644437564612342872152,0,0,0
C183646575816097832760,0,0,0
C183646575816097832761,0,0,0
C183646575816097832762,0,0,0
C183646575816097832763,0,0,0
C183646575816097832764,0,0,0
C183646575816097832765,0,0,0
C183646575816097832766,0,0,0
C183646575816097832767,0,0,0
C183646575816097832768,0,0,0
C183646575816097832769,0,0,0
C1836465758160978327610,0,0,0
C1836465758160978327611,0,0,0
C1836465758160978327612,0,0,0
C1836465758160978327613,0,0,0
C1836465758160978327614,0,0,0
C1836465758160978327615,0,0,0
C1836465758160978327616,0,0,0
C1836465758160978327617,0,0,0
C183646575818339622780,0,0,0
C183646575818339622781,0,0,0
C183646575818364657590,0,0,0
C183646575916097832800,0,0,0
C183646575916097832801,0,0,0
C183646575916097832802,0,0,0
C183646575916097832803,0,0,0
C183646575916097832804,0,0,0
C183646575916097832805,0,0,0
C183646575916097832806,0,0,0
C183646575916097832807,0,0,0
C183646575916097832808,0,0,0
C183646575916097832809,0,0,0
C1836465759160978328010,0,0,0
C1836465759160978328011,0,0,0
C1836465759160978328012,0,0,0
C1836465759160978328013,0,0,0
C1836465759160978328014,0,0,0
C1836465759160978328015,0,0,0
C1836465759160978328016,0,0,0
C1836465759160978328017,0,0,0
C1836465759160978328018,0,0,0
C1836465759160978328019,0,0,0
C1836465759160978328020,0,0,0
C183646575918339622910,0,0,0
C141973258718594013790,0,0,0
C123428721312342872250,0,0,0
C123428721312342872251,0,0,0
C123428721312342872252,0,0,0
C123428721312342872253,0,0,0
C123428721312342872300,0,0,0
C123428721312342872301,0,0,0
C123428721312342872302,0,0,0
C123428721312342872303,0,0,0
C141973259018594013630,0,0,0
C141973259018594013631,0,0,0
C141973259018594013632,0,0,0
C141973259018594013633,0,0,0
C141973259018594013634,0,0,0
C141973259018594013635,0,0,0
C141973259018594013636,0,0,0
C141973259018594013637,0,0,0
C141973259018594013638,0,0,0
C141973259018594013639,0,0,0
C141973259014197325940,0,0,0
C141973259014197325941,0,0,0
C141973259014197325942,0,0,0
C141973259014197325943,0,0,0
C141973259014197325944,0,0,0
C141973259014197325945,0,0,0
C141973259018594013790,0,0,0
C141973259018594013791,0,0,0
C141973259018594013792,0,0,0
C141973259018594013793,0,0,0
C141973259018594013794,0,0,0
C141973259018594013795,0,0,0
C123428721512342872260,0,0,0
C123428721512342872261,0,0,0
C123428721512342872262,0,0,0
C141973259418594013710,0,0,0
C141973259418594013711,0,0,0
C141973259418594013712,0,0,0
C141973259418594013713,0,0,0
C141973259418594013714,0,0,0
C141973259418594013715,0,0,0
C141973259418594013716,0,0,0
C141973259418594013717,0,0,0
C141973259418594013718,0,0,0
C141973259418594013719,0,0,0
C1419732594185940137110,0,0,0
C141973259414197325970,0,0,0
C141973259414197325971,0,0,0
C141973259414197325972,0,0,0
C141973259414197325973,0,0,0
C141973259414197325974,0,0,0
C141973259414197325975,0,0,0
C3786481803786485460,0,0,0
C3786481803786485461,0,0,0
C3786481803786485462,0,0,0
C3786481803786485463,0,0,0
C3786481803786485464,0,0,0
C3786481803786485465,0,0,0
C3786481803786485466,0,0,0
C3786481803786485467,0,0,0
C3786481803786485468,0,0,0
C3786481803786485469,0,0,0
C37864818037864854610,0,0,0
C37864818037864854611,0,0,0
C37864818037864854612,0,0,0
C37864818037864854613,0,0,0
C37864818037864854614,0,0,0
C37864818037864854615,0,0,0
C37864818037864854616,0,0,0
C37864818037864854617,0,0,0
C141973259718594013900,0,0,0
C141973259718594013901,0,0,0
C141973259718594013902,0,0,0
C141973259718594013903,0,0,0
C141973259718594013904,0,0,0
C141973259718594013905,0,0,0
C141973259718594013906,0,0,0
C141973259718594013907,0,0,0
C141973259718594013908,0,0,0
C141973259718594013909,0,0,0
C1419732597185940139010,0,0,0
C1419732597185940139011,0,0,0
C14197325973786485460,0,0,0
C14197325973786485461,0,0,0
C14197325973786485462,0,0,0
C14197325973786485463,0,0,0
C14197325973786485464,0,0,0
C14197325973786485465,0,0,0
C141973261414197326050,0,0,0
C141973261414197326051,0,0,0
C141973261414197326052,0,0,0
C141973261414197326053,0,0,0
C141973261414197326054,0,0,0
C141973261414197326055,0,0,0
C141973261414197326056,0,0,0
C141973261414197326057,0,0,0
C141973261414197326058,0,0,0
C141973261414197326059,0,0,0
C1419732614141973260510,0,0,0
C1419732614141973260511,0,0,0
C1419732614141973260512,0,0,0
C1419732614141973260513,0,0,0
C1419732614141973260514,0,0,0
C1419732614141973260515,0,0,0
C1419732614141973260516,0,0,0
C1419732614141973260517,0,0,0
C1419732614141973260518,0,0,0
C1419732614141973260519,0,0,0
C1419732614141973260520,0,0,0
C1419732614141973260521,0,0,0
C1419732614141973260522,0,0,0
C1419732614141973260523,0,0,0
C1419732614141973260524,0,0,0
C1419732614141973260525,0,0,0
C185940136318352034930,0,0,0
C185940136318352034931,0,0,0
C185940136318352034932,0,0,0
C185940136318352034933,0,0,0
C185940136318352034934,0,0,0
C185940136318352034935,0,0,0
C185940136318594013840,0,0,0
C185940136318594013841,0,0,0
C185940136318594013842,0,0,0
C185940136318594013843,0,0,0
C185940136318594013844,0,0,0
C185940136318594013845,0,0,0
C185940136318594013710,0,0,0
C185940136318594013711,0,0,0
C185940136318594013712,0,0,0
C185940136318594013713,0,0,0
C185940136318594013714,0,0,0
C185940136318594013715,0,0,0
C183375835618337583670,0,0,0
C183375835618337583610,0,0,0
C183375836118337583670,0,0,0
C183375836118337583680,0,0,0
C183375836118337583681,0,0,0
C183375836118337583682,0,0,0
C185940137118594013900,0,0,0
C185940137118594013901,0,0,0
C185940137118594013902,0,0,0
C185940137118594013903,0,0,0
C185940137118594013904,0,0,0
C185940137118594013905,0,0,0
C185940137918594013840,0,0,0
C185940137918594013841,0,0,0
C185940137918594013842,0,0,0
C185940137918594013843,0,0,0
C185940137918594013844,0,0,0
C185940137918594013845,0,0,0
C185940137918594013846,0,0,0
C185940137918594013847,0,0,0
C185940138418594013860,0,0,0
C185940138418594013861,0,0,0
C185940138418594013862,0,0,0
C185940138418594013863,0,0,0
C185940138418594013864,0,0,0
C185940138418594013865,0,0,0
C183396227818339622860,0,0,0
C183396228618339622910,0,0,0
C183396229118608413040,0,0,0
C183396229118608413041,0,0,0
C183396229118608413042,0,0,0
C183396229118608413043,0,0,0
C183396229118608413044,0,0,0
C183396229118608413045,0,0,0
C183396229118608413046,0,0,0
C183396229118608413047,0,0,0
C183396229118608413048,0,0,0
C183396229118608413049,0,0,0
C1833962291186084130410,0,0,0
C1833962291186084130411,0,0,0
C1833962291186084130412,0,0,0
C1833962291186084130413,0,0,0
C186090484618609048910,0,0,0
C186090484618609048911,0,0,0
C186090484618609048912,0,0,0
C186090484618609048913,0,0,0
C186090484618609048914,0,0,0
C186090484618609048915,0,0,0
C186090484618609048916,0,0,0
C186090484618609048917,0,0,0
C186090484616097668250,0,0,0
C186090484616097668251,0,0,0
C186090484616097668252,0,0,0
C186090484616097668253,0,0,0
C186090484616097668254,0,0,0
C141973260314197326050,0,0,0
C183520348518352034900,0,0,0
C183520348518352034901,0,0,0
C183520348518352034902,0,0,0
C183520348518352034903,0,0,0
C183520348518352034904,0,0,0
C183520348518352034905,0,0,0
C183520348518352034906,0,0,0
C183520348518352034907,0,0,0
C186090486316097832760,0,0,0
C186090486316097832761,0,0,0
C186090486316097832762,0,0,0
C186090486316097832763,0,0,0
C186090486316097832764,0,0,0
C186090486316097832765,0,0,0
C186090486316097832750,0,0,0
C14197326053786485460,0,0,0
C14197326053786485461,0,0,0
C160976682316097668250,0,0,0
C160976682316097668251,0,0,0
C160976682316097668252,0,0,0
C160976682316097668253,0,0,0
C160976682316097668254,0,0,0
C160976682316097668255,0,0,0
C160976682316097668256,0,0,0
C160976682316097668257,0,0,0
C160976682316097668258,0,0,0
C160976682316097668259,0,0,0
C1609766823160976682510,0,0,0
C1609766823160976682511,0,0,0
C1609766823160976682512,0,0,0
C1609766823160976682513,0,0,0
C1609766823160976682514,0,0,0
C1609766823160976682515,0,0,0
C1609766823160976682516,0,0,0
C1609766823160976682517,0,0,0
C1609766823160976682518,0,0,0
C1609766823160976682519,0,0,0
C1609766823160976682520,0,0,0
C1609766823160976682521,0,0,0
C1609766823160976682522,0,0,0
C1609766823160976682523,0,0,0
C160976682316097832840,0,0,0
C160976682516097668260,0,0,0
C160976682516097668261,0,0,0
C160976682516097668262,0,0,0
C160976682516097668263,0,0,0
C160976682516097668264,0,0,0
C160976682516097668265,0,0,0
C614739347061473934730,0,0,0
C614739347061473934731,0,0,0
C160978327616097832790,0,0,0
C160978327616097832791,0,0,0
C160978327616097832792,0,0,0
C160978327616097832793,0,0,0
C160978327616097832794,0,0,0
C160978327616097832795,0,0,0
C160978327616097832796,0,0,0
C160978327616097832797,0,0,0
C160978327616097832798,0,0,0
C160978327616097832799,0,0,0
C1609783276160978327910,0,0,0
C1609783276160978327911,0,0,0
C1609783276160978327912,0,0,0
C1609783276160978327913,0,0,0
C160978327916097832800,0,0,0
C160978327916097832830,0,0,0
C160978328016097832840,0,0,0
