cellName,zone,surfaceSize,coordinate
C3198435488287830700,Z3198435488287830700,2.25,(0.0|6.439000000000306) (0.9895114830604113|6.583454231132389) (1.2245114831063444|4.973704231132278) (0.2350000000461705|4.829250000000229)
C3198435488287830701,Z3198435488287830700,2.25,(0.0|6.439000000000306) (-0.9895114830604113|6.294545768868222) (-0.7545114830140035|4.68479576886818) (0.2350000000461705|4.829250000000229)
C3198435488287830702,Z3198435488287830700,2.25,(0.2350000000461705|4.829250000000229) (1.2245114831063444|4.973704231132278) (1.4595114831526337|3.3639542311322193) (0.470000000092341|3.219500000000153)
C3198435488287830703,Z3198435488287830700,2.25,(0.2350000000461705|4.829250000000229) (-0.7545114830140035|4.68479576886818) (-0.5195114829679486|3.075045768868087) (0.470000000092341|3.219500000000153)
C3198435488287830704,Z3198435488287830701,2.25,(0.470000000092341|3.219500000000153) (1.4595114831526337|3.3639542311322193) (1.6945114831987524|1.7542042311321353) (0.7050000001385115|1.6097500000000764)
C3198435488287830705,Z3198435488287830701,2.25,(0.470000000092341|3.219500000000153) (-0.5195114829679486|3.075045768868087) (-0.28451148292172945|1.4652957688680175) (0.7050000001385115|1.6097500000000764)
C3198435488287830706,Z3198435488287830701,2.25,(0.7050000001385115|1.6097500000000764) (1.6945114831987524|1.7542042311321353) (1.9295114832449072|0.1444542311320566) (0.940000000184682|0.0)
C3198435488287828200,Z3198435488287828200,2.25,(0.0|6.439000000000306) (-0.7459015351177217|7.105056228789624) (0.18517538797402788|8.147748536478387) (0.9310769230917406|7.481692307689077)
C3198435488287828201,Z3198435488287828200,2.25,(0.0|6.439000000000306) (0.7459015351177207|5.772943771210988) (1.6769784582094545|6.815636078899765) (0.9310769230917406|7.481692307689077)
C3198435488287828202,Z3198435488287828200,2.25,(0.9310769230917406|7.481692307689077) (0.18517538797402788|8.147748536478387) (1.1162523110657545|9.19044084416717) (1.8621538461834812|8.524384615377848)
C3198435488287828203,Z3198435488287828200,2.25,(0.9310769230917406|7.481692307689077) (1.6769784582094545|6.815636078899765) (2.60805538130121|7.858328386588523) (1.8621538461834812|8.524384615377848)
C3198435488287828204,Z3198435488287828201,2.25,(1.8621538461834812|8.524384615377848) (1.1162523110657545|9.19044084416717) (2.0473292341575307|10.23313315185591) (2.7932307692752216|9.567076923066619)
C3198435488287828205,Z3198435488287828201,2.25,(1.8621538461834812|8.524384615377848) (2.60805538130121|7.858328386588523) (3.5391323043929126|8.901020694277328) (2.7932307692752216|9.567076923066619)
C3198435488287828206,Z3198435488287828201,2.25,(2.7932307692752216|9.567076923066619) (2.0473292341575307|10.23313315185591) (2.97840615724924|11.275825459544707) (3.7243076923669625|10.609769230755388)
C3198435488287828207,Z3198435488287828201,2.25,(2.7932307692752216|9.567076923066619) (3.5391323043929126|8.901020694277328) (4.470209227484685|9.943713001966069) (3.7243076923669625|10.609769230755388)
C3198435488287828208,Z3198435488287828202,2.25,(3.7243076923669625|10.609769230755388) (2.97840615724924|11.275825459544707) (3.9094830803409497|12.318517767233505) (4.655384615458702|11.65246153844416)
C3198435488287828209,Z3198435488287828202,2.25,(3.7243076923669625|10.609769230755388) (4.470209227484685|9.943713001966069) (5.401286150576453|10.986405309654815) (4.655384615458702|11.65246153844416)
C31984354882878282010,Z3198435488287828202,2.25,(4.655384615458702|11.65246153844416) (3.9094830803409497|12.318517767233505) (4.8405600034327225|13.361210074922248) (5.586461538550443|12.69515384613293)
C31984354882878282011,Z3198435488287828202,2.25,(4.655384615458702|11.65246153844416) (5.401286150576453|10.986405309654815) (6.332363073668166|12.029097617343611) (5.586461538550443|12.69515384613293)
C31984354882878282012,Z3198435488287828203,2.25,(5.586461538550443|12.69515384613293) (4.8405600034327225|13.361210074922248) (5.771636926524494|14.403902382610992) (6.517538461642184|13.737846153821701)
C31984354882878282013,Z3198435488287828203,2.25,(5.586461538550443|12.69515384613293) (6.332363073668166|12.029097617343611) (7.263439996759875|13.07178992503241) (6.517538461642184|13.737846153821701)
C31984354882878282014,Z3198435488287828203,2.25,(6.517538461642184|13.737846153821701) (5.771636926524494|14.403902382610992) (6.702713849616202|15.446594690299792) (7.448615384733925|14.780538461510472)
C31984354882878282015,Z3198435488287828203,2.25,(6.517538461642184|13.737846153821701) (7.263439996759875|13.07178992503241) (8.194516919851646|14.114482232721155) (7.448615384733925|14.780538461510472)
C31984354882878282016,Z3198435488287828204,2.25,(7.448615384733925|14.780538461510472) (6.702713849616202|15.446594690299792) (7.633790772707945|16.48928699798856) (8.379692307825666|15.823230769199244)
C31984354882878282017,Z3198435488287828204,2.25,(7.448615384733925|14.780538461510472) (8.194516919851646|14.114482232721155) (9.125593842943388|15.157174540409924) (8.379692307825666|15.823230769199244)
C31984354882878282018,Z3198435488287828204,2.25,(8.379692307825666|15.823230769199244) (7.633790772707945|16.48928699798856) (8.564867695799654|17.531979305677357) (9.310769230917405|16.865923076888013)
C31984354882878282019,Z3198435488287828204,2.25,(8.379692307825666|15.823230769199244) (9.125593842943388|15.157174540409924) (10.056670766035156|16.19986684809867) (9.310769230917405|16.865923076888013)
C31984354882878282020,Z3198435488287828205,2.25,(9.310769230917405|16.865923076888013) (8.564867695799654|17.531979305677357) (9.495944618891487|18.574671613366046) (10.241846154009146|17.908615384576784)
C31984354882878282021,Z3198435488287828205,2.25,(9.310769230917405|16.865923076888013) (10.056670766035156|16.19986684809867) (10.98774768912681|17.242559155787518) (10.241846154009146|17.908615384576784)
C31984354882878282022,Z3198435488287828205,2.25,(10.241846154009146|17.908615384576784) (9.495944618891487|18.574671613366046) (10.427021541983228|19.617363921054817) (11.172923077100887|18.951307692265555)
C31984354882878282023,Z3198435488287828205,2.25,(10.241846154009146|17.908615384576784) (10.98774768912681|17.242559155787518) (11.918824612218545|18.285251463476293) (11.172923077100887|18.951307692265555)
C227896558022789655820,Z227896558022789655820,2.25,(48.876000000177555|8.875999999986561) (49.13669913794839|9.8414200948497) (48.325699137779075|10.060420094851002) (48.06500000000824|9.094999999987865)
C2278965582281871450,Z2278965582281871450,2.25,(48.06500000000824|9.094999999987865) (47.07420460073962|9.230367931158135) (47.24020460083247|10.445367931145837) (48.23100000010072|10.309999999975616)
C227896558212342930400,Z227896558212342930400,2.25,(48.06500000000824|9.094999999987865) (47.07812233913596|9.256469757129743) (46.774122339278335|7.398469757159559) (47.76100000015049|7.2370000000177015)
C227896558212342930401,Z227896558212342930400,2.25,(48.06500000000824|9.094999999987865) (49.05187766088052|8.933530242845986) (48.74787766102264|7.075530242875844) (47.76100000015049|7.2370000000177015)
C227896558261473934730,Z227896558261473934730,2.25,(48.06500000000824|9.094999999987865) (48.287908038589|10.069839477202501) (47.1749080385853|10.324339477192305) (46.952000000004546|9.349499999977695)
C227896558261473934731,Z227896558261473934730,2.25,(48.06500000000824|9.094999999987865) (47.84209196142748|8.120160522773228) (46.72909196142379|8.374660522763085) (46.952000000004546|9.349499999977695)
C229906960818337583670,Z229906960818337583670,2.25,(49.664000000007036|19.507000000018593) (48.675746751367626|19.65982511756988) (48.46141341806729|18.273825117549105) (49.44966666670325|18.12099999999835)
C229906960818337583671,Z229906960818337583670,2.25,(49.664000000007036|19.507000000018593) (50.652253248646446|19.354174882467305) (50.437919915339236|17.96817488244759) (49.44966666670325|18.12099999999835)
C229906960818337583672,Z229906960818337583670,2.25,(49.44966666670325|18.12099999999835) (48.46141341806729|18.273825117549105) (48.24708008476121|16.88782511752922) (49.23533333339947|16.73499999997811)
C229906960818337583673,Z229906960818337583670,2.25,(49.44966666670325|18.12099999999835) (50.437919915339236|17.96817488244759) (50.223586582037726|16.582174882427) (49.23533333339947|16.73499999997811)
C229906960818337583674,Z229906960818337583671,2.25,(49.23533333339947|16.73499999997811) (48.24708008476121|16.88782511752922) (48.03274675145686|15.501825117509066) (49.02100000009568|15.348999999957869)
C229906960822990696100,Z229906960822990696100,2.25,(49.664000000007036|19.507000000018593) (49.5902321581958|20.504275441165408) (51.71273215823714|20.661275441152632) (51.78650000004836|19.6640000000059)
C229906960822990696101,Z229906960822990696100,2.25,(49.664000000007036|19.507000000018593) (49.73776784181827|18.509724558871778) (51.86026784185959|18.666724558859165) (51.78650000004836|19.6640000000059)
C229906960822990696102,Z229906960822990696100,2.25,(51.78650000004836|19.6640000000059) (51.71273215823714|20.661275441152632) (53.83523215827846|20.818275441139967) (53.90900000008969|19.820999999993205)
C229906960822990696103,Z229906960822990696100,2.25,(51.78650000004836|19.6640000000059) (51.86026784185959|18.666724558859165) (53.98276784190092|18.823724558846443) (53.90900000008969|19.820999999993205)
C229906961022990696120,Z229906961022990696120,2.25,(53.90900000008969|19.820999999993205) (53.78871251763387|20.813739100444312) (55.68031251765563|21.042939100436865) (55.800600000111444|20.050199999985807)
C229906961022990696121,Z229906961022990696120,2.25,(53.90900000008969|19.820999999993205) (54.02928748254551|18.8282608995421) (55.92088748256726|19.05746089953475) (55.800600000111444|20.050199999985807)
C229906961022990696122,Z229906961022990696120,2.25,(55.800600000111444|20.050199999985807) (55.68031251765563|21.042939100436865) (57.571912517677376|21.272139100429516) (57.6922000001332|20.27939999997841)
C229906961022990696123,Z229906961022990696120,2.25,(55.800600000111444|20.050199999985807) (55.92088748256726|19.05746089953475) (57.81248748258902|19.286660899527302) (57.6922000001332|20.27939999997841)
C229906961022990696124,Z229906961022990696121,2.25,(57.6922000001332|20.27939999997841) (57.571912517677376|21.272139100429516) (59.46351251769914|21.501339100422065) (59.58380000015495|20.50859999997101)
C229906961022990696125,Z229906961022990696121,2.25,(57.6922000001332|20.27939999997841) (57.81248748258902|19.286660899527302) (59.70408748261077|19.515860899519954) (59.58380000015495|20.50859999997101)
C229906961022990696126,Z229906961022990696121,2.25,(59.58380000015495|20.50859999997101) (59.46351251769914|21.501339100422065) (61.35511251772088|21.730539100414695) (61.475400000176705|20.737799999963613)
C229906961022990696127,Z229906961022990696121,2.25,(59.58380000015495|20.50859999997101) (59.70408748261077|19.515860899519954) (61.59568748263253|19.74506089951253) (61.475400000176705|20.737799999963613)
C229906961022990696128,Z229906961022990696122,2.25,(61.475400000176705|20.737799999963613) (61.35511251772088|21.730539100414695) (63.24671251774264|21.959739100407322) (63.36700000019846|20.966999999956215)
C141973258718594013790,Z141973258718594013790,2.25,(42.490000000157124|15.835999999964658) (41.493846013104054|15.923619826935772) (41.577846012948825|16.878619826940472) (42.574000000001895|16.790999999969358)
C1419732587281859440,Z1419732587281859440,2.25,(42.490000000157124|15.835999999964658) (43.48914701908316|15.877294486021787) (43.53514701920273|14.764294486018436) (42.53600000026836|14.722999999960962)
C1419732587281859441,Z1419732587281859440,2.25,(42.490000000157124|15.835999999964658) (41.490852981231086|15.794705513907529) (41.53685298133403|14.68170551390349) (42.53600000026836|14.722999999960962)
C141973258718337583680,Z141973258718337583680,2.25,(42.490000000157124|15.835999999964658) (43.07809959639249|16.644788516764784) (43.745099596300115|16.1597885167814) (43.15700000006473|15.35099999998124)
C141973259018594013630,Z141973259018594013630,2.25,(43.133000000068485|25.592000000003168) (42.97305970905147|26.57912669061048) (40.961809709049|26.253251690603715) (41.12175000006602|25.266124999996364)
C141973259018594013631,Z141973259018594013630,2.25,(43.133000000068485|25.592000000003168) (43.29294029108551|24.604873309395852) (41.281690291083045|24.278998309389014) (41.12175000006602|25.266124999996364)
C141973259018594013632,Z141973259018594013630,2.25,(41.12175000006602|25.266124999996364) (40.961809709049|26.253251690603715) (38.950559709046544|25.927376690596873) (39.11050000006356|24.94024999998956)
C141973259018594013633,Z141973259018594013630,2.25,(41.12175000006602|25.266124999996364) (41.281690291083045|24.278998309389014) (39.270440291080575|23.95312330938225) (39.11050000006356|24.94024999998956)
C141973259018594013634,Z141973259018594013631,2.25,(39.11050000006356|24.94024999998956) (38.950559709046544|25.927376690596873) (36.939309709044075|25.60150169059007) (37.09925000006109|24.614374999982758)
C141973259018594013635,Z141973259018594013631,2.25,(39.11050000006356|24.94024999998956) (39.270440291080575|23.95312330938225) (37.25919029107811|23.627248309375442) (37.09925000006109|24.614374999982758)
C141973259018594013636,Z141973259018594013631,2.25,(37.09925000006109|24.614374999982758) (36.939309709044075|25.60150169059007) (34.928059709041605|25.27562669058327) (35.08800000005863|24.288499999975954)
C141973259018594013637,Z141973259018594013631,2.25,(37.09925000006109|24.614374999982758) (37.25919029107811|23.627248309375442) (35.24794029107564|23.301373309368643) (35.08800000005863|24.288499999975954)
C141973259018594013638,Z141973259018594013632,2.25,(35.08800000005863|24.288499999975954) (34.928059709041605|25.27562669058327) (32.91680970903915|24.949751690576424) (33.076750000056165|23.96262499996915)
C141973259018594013639,Z141973259018594013632,2.25,(35.08800000005863|24.288499999975954) (35.24794029107564|23.301373309368643) (33.23669029107318|22.97549830936188) (33.076750000056165|23.96262499996915)
C1419732590185940136310,Z141973259018594013632,2.25,(33.076750000056165|23.96262499996915) (32.91680970903915|24.949751690576424) (30.905559709036677|24.6238766905697) (31.065500000053703|23.636749999962348)
C1419732590185940136311,Z141973259018594013632,2.25,(33.076750000056165|23.96262499996915) (33.23669029107318|22.97549830936188) (31.22544029107073|22.649623309354997) (31.065500000053703|23.636749999962348)
C1419732590185940136312,Z141973259018594013633,2.25,(31.065500000053703|23.636749999962348) (30.905559709036677|24.6238766905697) (28.89430970903422|24.298001690562856) (29.05425000005124|23.310874999955544)
C1419732590185940136313,Z141973259018594013633,2.25,(31.065500000053703|23.636749999962348) (31.22544029107073|22.649623309354997) (29.21419029106826|22.323748309348233) (29.05425000005124|23.310874999955544)
C1419732590185940136314,Z141973259018594013633,2.25,(29.05425000005124|23.310874999955544) (28.89430970903422|24.298001690562856) (26.88305970903176|23.972126690556056) (27.043000000048778|22.98499999994874)
C141973259014197325940,Z141973259014197325940,2.25,(43.133000000068485|25.592000000003168) (42.133000446087074|25.592932291871875) (42.134600380702224|27.309132291922804) (43.13460000008718|27.30819999999312)
C141973259014197325941,Z141973259014197325940,2.25,(43.133000000068485|25.592000000003168) (44.132999554053704|25.591067708134457) (44.13459961946833|27.307267708063442) (43.13460000008718|27.30819999999312)
C141973259014197325942,Z141973259014197325940,2.25,(43.13460000008718|27.30819999999312) (42.134600380702224|27.309132291922804) (42.13620038072473|29.025332291912754) (43.13620000010588|29.024399999983075)
C141973259014197325943,Z141973259014197325940,2.25,(43.13460000008718|27.30819999999312) (44.13459961946833|27.307267708063442) (44.13619961948703|29.023467708053396) (43.13620000010588|29.024399999983075)
C141973259014197325944,Z141973259014197325941,2.25,(43.13620000010588|29.024399999983075) (42.13620038072473|29.025332291912754) (42.13780044614316|30.741532291841743) (43.13780000012457|30.740599999973035)
C141973259014197325945,Z141973259014197325941,2.25,(43.13620000010588|29.024399999983075) (44.13619961948703|29.023467708053396) (44.13779955410979|30.739667708104324) (43.13780000012457|30.740599999973035)
C141973259014197325946,Z141973259014197325941,2.25,(43.13780000012457|30.740599999973035) (42.13780044614316|30.741532291841743) (42.139400642361075|32.45773229164878) (43.13940000014327|32.45679999996299)
C141973259014197325947,Z141973259014197325941,2.25,(43.13780000012457|30.740599999973035) (44.13779955410979|30.739667708104324) (44.13939935793309|32.45586770827719) (43.13940000014327|32.45679999996299)
C141973259014197325948,Z141973259014197325942,2.25,(43.13940000014327|32.45679999996299) (42.139400642361075|32.45773229164878) (42.14100038077319|34.17393229188263) (43.14100000016197|34.17299999995294)
C141973259014197325949,Z141973259014197325942,2.25,(43.13940000014327|32.45679999996299) (44.13939935793309|32.45586770827719) (44.14099961955074|34.172067708023256) (43.14100000016197|34.17299999995294)
C141973259018594013790,Z141973259018594013790,2.25,(43.133000000068485|25.592000000003168) (42.13501102740651|25.65538777818546) (42.02321102737921|23.895187778179587) (43.02120000005517|23.831799999996406)
C141973259018594013791,Z141973259018594013790,2.25,(43.133000000068485|25.592000000003168) (44.13098897273051|25.52861222182087) (44.01918897273112|23.768412221813225) (43.02120000005517|23.831799999996406)
C141973259018594013792,Z141973259018594013790,2.25,(43.02120000005517|23.831799999996406) (42.02321102737921|23.895187778179587) (41.911411027372836|22.134987778172384) (42.909400000041856|22.071599999989644)
C141973259018594013793,Z141973259018594013790,2.25,(43.02120000005517|23.831799999996406) (44.01918897273112|23.768412221813225) (43.907388972710876|22.008212221806904) (42.909400000041856|22.071599999989644)
C141973259018594013794,Z141973259018594013791,2.25,(42.909400000041856|22.071599999989644) (41.911411027372836|22.134987778172384) (41.79961102735258|20.374787778166063) (42.79760000002854|20.311399999982882)
C141973259018594013795,Z141973259018594013791,2.25,(42.909400000041856|22.071599999989644) (43.907388972710876|22.008212221806904) (43.79558897270449|20.2480122217997) (42.79760000002854|20.311399999982882)
C141973259018594013796,Z141973259018594013791,2.25,(42.79760000002854|20.311399999982882) (41.79961102735258|20.374787778166063) (41.68781102733221|18.61458777815975) (42.68580000001521|18.55119999997612)
C141973259018594013797,Z141973259018594013791,2.25,(42.79760000002854|20.311399999982882) (43.79558897270449|20.2480122217997) (43.68378897269816|18.487812221792495) (42.68580000001521|18.55119999997612)
C141973259018594013798,Z141973259018594013792,2.25,(42.68580000001521|18.55119999997612) (41.68781102733221|18.61458777815975) (41.57601102733293|16.854387778152095) (42.574000000001895|16.790999999969358)
C141973259018594013799,Z141973259018594013792,2.25,(42.68580000001521|18.55119999997612) (43.68378897269816|18.487812221792495) (43.571988972670916|16.727612221786618) (42.574000000001895|16.790999999969358)
C141973259418594013710,Z141973259418594013710,2.25,(43.14100000016197|34.17299999995294) (42.97509155808836|35.15914116066417) (40.99775822476406|34.82647449400203) (41.16366666683765|33.84033333329089)
C141973259418594013711,Z141973259418594013710,2.25,(43.14100000016197|34.17299999995294) (43.30690844223557|33.18685883924172) (41.32957510891124|32.85419217257975) (41.16366666683765|33.84033333329089)
C141973259418594013712,Z141973259418594013710,2.25,(41.16366666683765|33.84033333329089) (40.99775822476406|34.82647449400203) (39.0204248914397|34.49380782734017) (39.186333333513325|33.50766666662885)
C141973259418594013713,Z141973259418594013710,2.25,(41.16366666683765|33.84033333329089) (41.32957510891124|32.85419217257975) (39.35224177558695|32.52152550591754) (39.186333333513325|33.50766666662885)
C141973259418594013714,Z141973259418594013711,2.25,(39.186333333513325|33.50766666662885) (39.0204248914397|34.49380782734017) (37.043091558115435|34.16114116067785) (37.20900000018901|33.1749999999668)
C141973259418594013715,Z141973259418594013711,2.25,(39.186333333513325|33.50766666662885) (39.35224177558695|32.52152550591754) (37.37490844226258|32.18885883925575) (37.20900000018901|33.1749999999668)
C141973259418594013716,Z141973259418594013711,2.25,(37.20900000018901|33.1749999999668) (37.043091558115435|34.16114116067785) (35.06575822479112|33.8284744940158) (35.23166666686469|32.84233333330475)
C141973259418594013717,Z141973259418594013711,2.25,(37.20900000018901|33.1749999999668) (37.37490844226258|32.18885883925575) (35.39757510893826|31.856192172593698) (35.23166666686469|32.84233333330475)
C141973259418594013718,Z141973259418594013712,2.25,(35.23166666686469|32.84233333330475) (35.06575822479112|33.8284744940158) (33.088424891466794|33.49580782735375) (33.254333333540366|32.5096666666427)
C141973259418594013719,Z141973259418594013712,2.25,(35.23166666686469|32.84233333330475) (35.39757510893826|31.856192172593698) (33.42024177561394|31.52352550593165) (33.254333333540366|32.5096666666427)
C1419732594185940137110,Z141973259418594013712,2.25,(33.254333333540366|32.5096666666427) (33.088424891466794|33.49580782735375) (31.11109155814246|33.163141160691794) (31.27700000021605|32.17699999998066)
C1419732594185940137111,Z141973259418594013712,2.25,(33.254333333540366|32.5096666666427) (33.42024177561394|31.52352550593165) (31.44290844228964|31.19085883926952) (31.27700000021605|32.17699999998066)
C1419732594185940137112,Z141973259418594013713,2.25,(31.27700000021605|32.17699999998066) (31.11109155814246|33.163141160691794) (29.133758224818138|32.830474494029744) (29.299666666891728|31.84433333331861)
C1419732594185940137113,Z141973259418594013713,2.25,(31.27700000021605|32.17699999998066) (31.44290844228964|31.19085883926952) (29.465575108965318|30.85819217260747) (29.299666666891728|31.84433333331861)
C1419732594185940137114,Z141973259418594013713,2.25,(29.299666666891728|31.84433333331861) (29.133758224818138|32.830474494029744) (27.15642489149379|32.497807827367886) (27.32233333356741|31.511666666656563)
C1419732594185940137115,Z141973259418594013713,2.25,(29.299666666891728|31.84433333331861) (29.465575108965318|30.85819217260747) (27.48824177564103|30.525525505945247) (27.32233333356741|31.511666666656563)
C1419732594185940137116,Z141973259418594013714,2.25,(27.32233333356741|31.511666666656563) (27.15642489149379|32.497807827367886) (25.1790915581695|32.16514116070565) (25.34500000024309|31.178999999994517)
C141973259414197325970,Z141973259414197325970,2.25,(43.14100000016197|34.17299999995294) (44.1367406741962|34.26519821052486) (43.987740674187684|35.87439821053039) (42.99200000014025|35.78219999995725)
C141973259414197325971,Z141973259414197325970,2.25,(43.14100000016197|34.17299999995294) (42.14525932612766|34.08080178938102) (41.9962593260929|35.69000178938412) (42.99200000014025|35.78219999995725)
C141973259414197325972,Z141973259414197325970,2.25,(42.99200000014025|35.78219999995725) (43.987740674187684|35.87439821053039) (43.83874067416589|37.48359821053469) (42.843000000118536|37.39139999996156)
C141973259414197325973,Z141973259414197325970,2.25,(42.99200000014025|35.78219999995725) (41.9962593260929|35.69000178938412) (41.84725932607118|37.29920178938843) (42.843000000118536|37.39139999996156)
C141973259414197325974,Z141973259414197325971,2.25,(42.843000000118536|37.39139999996156) (43.83874067416589|37.48359821053469) (43.6897406741573|39.0927982105402) (42.69400000009682|39.00059999996586)
C141973259414197325975,Z141973259414197325971,2.25,(42.843000000118536|37.39139999996156) (41.84725932607118|37.29920178938843) (41.69825932603642|38.90840178939152) (42.69400000009682|39.00059999996586)
C141973259414197325976,Z141973259414197325971,2.25,(42.69400000009682|39.00059999996586) (43.6897406741573|39.0927982105402) (43.54074067412246|40.701998210543294) (42.545000000075106|40.609799999970164)
C141973259414197325977,Z141973259414197325971,2.25,(42.69400000009682|39.00059999996586) (41.69825932603642|38.90840178939152) (41.54925932602775|40.517601789397034) (42.545000000075106|40.609799999970164)
C141973259414197325978,Z141973259414197325972,2.25,(42.545000000075106|40.609799999970164) (43.54074067412246|40.701998210543294) (43.39174067408762|42.31119821054639) (42.39600000005339|42.21899999997447)
C141973259718594013900,Z141973259718594013900,2.25,(42.39600000005339|42.21899999997447) (42.25314385820233|43.208743463067805) (40.18236608042319|42.90985457418332) (40.32522222227423|41.920111111090186)
C141973259718594013901,Z141973259718594013900,2.25,(42.39600000005339|42.21899999997447) (42.53885614190445|41.22925653688115) (40.46807836412526|40.93036764799706) (40.32522222227423|41.920111111090186)
C141973259718594013902,Z141973259718594013900,2.25,(40.32522222227423|41.920111111090186) (40.18236608042319|42.90985457418332) (38.11158830264404|42.610965685299035) (38.25444444449507|41.6212222222059)
C141973259718594013903,Z141973259718594013900,2.25,(40.32522222227423|41.920111111090186) (40.46807836412526|40.93036764799706) (38.397300586346105|40.631478759112774) (38.25444444449507|41.6212222222059)
C141973259718594013904,Z141973259718594013901,2.25,(38.25444444449507|41.6212222222059) (38.11158830264404|42.610965685299035) (36.040810524864874|42.31207679641475) (36.18366666671591|41.322333333321616)
C141973259718594013905,Z141973259718594013901,2.25,(38.25444444449507|41.6212222222059) (38.397300586346105|40.631478759112774) (36.32652280856694|40.33258987022849) (36.18366666671591|41.322333333321616)
C141973259718594013906,Z141973259718594013901,2.25,(36.18366666671591|41.322333333321616) (36.040810524864874|42.31207679641475) (33.97003274708574|42.01318790753026) (34.112888888936745|41.02344444443733)
C141973259718594013907,Z141973259718594013901,2.25,(36.18366666671591|41.322333333321616) (36.32652280856694|40.33258987022849) (34.25574503078775|40.033700981344396) (34.112888888936745|41.02344444443733)
C141973259718594013908,Z141973259718594013902,2.25,(34.112888888936745|41.02344444443733) (33.97003274708574|42.01318790753026) (31.89925496930657|41.71429901864609) (32.04211111115759|40.72455555555305)
C141973259718594013909,Z141973259718594013902,2.25,(34.112888888936745|41.02344444443733) (34.25574503078775|40.033700981344396) (32.18496725300861|39.734812092460025) (32.04211111115759|40.72455555555305)
C1419732597185940139010,Z141973259718594013902,2.25,(32.04211111115759|40.72455555555305) (31.89925496930657|41.71429901864609) (29.828477191527405|41.415410129761796) (29.971333333378425|40.42566666666877)
C1419732597185940139011,Z141973259718594013902,2.25,(32.04211111115759|40.72455555555305) (32.18496725300861|39.734812092460025) (30.114189475229445|39.43592320357573) (29.971333333378425|40.42566666666877)
C1419732597185940139012,Z141973259718594013903,2.25,(29.971333333378425|40.42566666666877) (29.828477191527405|41.415410129761796) (27.75769941374826|41.11652124087742) (27.900555555599265|40.12677777778448)
C1419732597185940139013,Z141973259718594013903,2.25,(29.971333333378425|40.42566666666877) (30.114189475229445|39.43592320357573) (28.04341169745027|39.13703431469155) (27.900555555599265|40.12677777778448)
C1419732597185940139014,Z141973259718594013903,2.25,(27.900555555599265|40.12677777778448) (27.75769941374826|41.11652124087742) (25.68692163596908|40.81763235199323) (25.8297777778201|39.8278888889002)
C1419732597185940139015,Z141973259718594013903,2.25,(27.900555555599265|40.12677777778448) (28.04341169745027|39.13703431469155) (25.97263391967112|38.83814542580716) (25.8297777778201|39.8278888889002)
C1419732597185940139016,Z141973259718594013904,2.25,(25.8297777778201|39.8278888889002) (25.68692163596908|40.81763235199323) (23.616143858189908|40.51874346310905) (23.759000000040942|39.52900000001591)
C14197325973786485460,Z14197325973786485460,2.25,(42.39600000005339|42.21899999997447) (43.37785244606234|42.40864644539635) (43.05745244609239|44.06744644539652) (42.07560000008925|43.877799999975764)
C14197325973786485461,Z14197325973786485460,2.25,(42.39600000005339|42.21899999997447) (41.41414755404444|42.02935355455259) (41.09374755408607|43.688153554555) (42.07560000008925|43.877799999975764)
C14197325973786485462,Z14197325973786485460,2.25,(42.07560000008925|43.877799999975764) (43.05745244609239|44.06744644539652) (42.73705244613984|45.72624644540005) (41.755200000125114|45.53659999997706)
C14197325973786485463,Z14197325973786485460,2.25,(42.07560000008925|43.877799999975764) (41.09374755408607|43.688153554555) (40.77334755411039|45.34695355455406) (41.755200000125114|45.53659999997706)
C14197325973786485464,Z14197325973786485461,2.25,(41.755200000125114|45.53659999997706) (42.73705244613984|45.72624644540005) (42.4166524461757|47.38504644540135) (41.434800000160976|47.195399999978356)
C14197325973786485465,Z14197325973786485461,2.25,(41.755200000125114|45.53659999997706) (40.77334755411039|45.34695355455406) (40.45294755414625|47.00575355455536) (41.434800000160976|47.195399999978356)
C14197325973786485466,Z14197325973786485461,2.25,(41.434800000160976|47.195399999978356) (42.4166524461757|47.38504644540135) (42.096252446211565|49.04384644540264) (41.11440000019684|48.85419999997965)
C14197325973786485467,Z14197325973786485461,2.25,(41.434800000160976|47.195399999978356) (40.45294755414625|47.00575355455536) (40.13254755418211|48.664553554556655) (41.11440000019684|48.85419999997965)
C14197325973786485468,Z14197325973786485462,2.25,(41.11440000019684|48.85419999997965) (42.096252446211565|49.04384644540264) (41.77585244623588|50.702646445401705) (40.7940000002327|50.51299999998094)
C141973260314197326050,Z141973260314197326050,2.25,(38.40900000000147|52.288999999987595) (38.22313728560136|53.27157572297097) (39.994137285620646|53.60657572297784) (40.180000000020755|52.62399999999446)
C141973260314197326051,Z141973260314197326050,2.25,(38.40900000000147|52.288999999987595) (38.59486271440158|51.306424277004226) (40.365862714420864|51.64142427701109) (40.180000000020755|52.62399999999446)
C14197326053786485460,Z14197326053786485460,2.25,(40.180000000020755|52.62399999999446) (41.14020860441631|52.90328379123018) (41.447208604519886|51.847783791222724) (40.48700000012673|51.5684999999877)
C14197326053786485461,Z14197326053786485460,2.25,(40.180000000020755|52.62399999999446) (39.2197913956252|52.34471620875874) (39.52679139573357|51.28921620875268) (40.48700000012673|51.5684999999877)
C614739347361473934700,Z614739347361473934700,2.25,(45.83900000000085|9.603999999967527) (45.11409061697844|10.292844239550092) (44.35009061700311|9.488844239569149) (45.07500000002551|8.799999999986596)
C614739347361473934701,Z614739347361473934700,2.25,(45.83900000000085|9.603999999967527) (46.563909383023265|8.915155760384964) (45.79990938304792|8.111155760404042) (45.07500000002551|8.799999999986596)
C614739347361473934702,Z614739347361473934700,2.25,(45.07500000002551|8.799999999986596) (44.35009061700311|9.488844239569149) (43.58609061702777|8.684844239588223) (44.31100000005018|7.996000000005665)
C614739347020392096320,Z614739347020392096320,2.25,(44.31100000005018|7.996000000005665) (44.37975582356166|8.99363351825436) (43.63975582372467|9.044633518210862) (43.57100000021319|8.046999999962168)
C1833758356281871450,Z1833758356281871450,2.25,(48.7870000000612|14.383999999978414) (47.79618463742435|14.519221733308445) (47.61085130410418|13.161221733307514) (48.60166666674104|13.025999999977481)
C1833758356281871451,Z1833758356281871450,2.25,(48.7870000000612|14.383999999978414) (49.77781536269804|14.248778266648383) (49.592482029377884|12.89077826664745) (48.60166666674104|13.025999999977481)
C1833758356281871452,Z1833758356281871450,2.25,(48.60166666674104|13.025999999977481) (47.61085130410418|13.161221733307514) (47.42551797078552|11.803221733306378) (48.41633333342088|11.66799999997655)
C1833758356281871453,Z1833758356281871450,2.25,(48.60166666674104|13.025999999977481) (49.592482029377884|12.89077826664745) (49.407148696056254|11.53277826664672) (48.41633333342088|11.66799999997655)
C183375835618337583670,Z183375835618337583670,2.25,(48.7870000000612|14.383999999978414) (47.81516387123921|14.619657672706602) (48.04916387127369|15.584657672686056) (49.02100000009568|15.348999999957869)
C183375835618337583671,Z183375835618337583670,2.25,(48.7870000000612|14.383999999978414) (49.758836128883196|14.148342327250225) (49.99283612891768|15.11334232722968) (49.02100000009568|15.348999999957869)
C183375835618337583610,Z183375835618337583610,2.25,(48.7870000000612|14.383999999978414) (49.51082175000568|15.073987010223805) (48.93982175008308|15.67298701026046) (48.21600000013859|14.98300000001507)
C183375836118337583670,Z183375836118337583670,2.25,(48.21600000013859|14.98300000001507) (47.8021118572663|15.893327746043777) (48.60711185722337|16.259327745986607) (49.02100000009568|15.348999999957869)
C183375836118337583680,Z183375836118337583680,2.25,(48.21600000013859|14.98300000001507) (48.288549958400715|15.98036477959982) (46.60221662504276|16.10303144625521) (46.529666666780635|15.105666666670459)
C183375836118337583681,Z183375836118337583680,2.25,(48.21600000013859|14.98300000001507) (48.14345004187647|13.98563522043032) (46.45711670851851|14.108301887085709) (46.529666666780635|15.105666666670459)
C183375836118337583682,Z183375836118337583680,2.25,(46.529666666780635|15.105666666670459) (46.60221662504276|16.10303144625521) (44.915883291684814|16.225698112910628) (44.843333333422684|15.22833333332585)
C183375836118337583683,Z183375836118337583680,2.25,(46.529666666780635|15.105666666670459) (46.45711670851851|14.108301887085709) (44.770783375160555|14.230968553741075) (44.843333333422684|15.22833333332585)
C183375836118337583684,Z183375836118337583681,2.25,(44.843333333422684|15.22833333332585) (44.915883291684814|16.225698112910628) (43.22954995832685|16.348364779566005) (43.15700000006473|15.35099999998124)
C1833758368281859440,Z1833758368281859440,2.25,(43.15700000006473|15.35099999998124) (42.44594141757362|16.054132769993856) (41.82494141777721|15.426132769973622) (42.53600000026836|14.722999999960962)
C29266038287828230,Z29266038287828230,2.25,(21.016000000031454|5.479999999948859) (20.84110101441991|6.464586382564448) (19.0256010144135|6.14208638257932) (19.200500000025045|5.157499999963733)
C29266038287828231,Z29266038287828230,2.25,(21.016000000031454|5.479999999948859) (21.190898985643|4.49541361733327) (19.37539898563659|4.172913617348145) (19.200500000025045|5.157499999963733)
C29266038287828232,Z29266038287828230,2.25,(19.200500000025045|5.157499999963733) (19.0256010144135|6.14208638257932) (17.21010101440709|5.819586382594196) (17.385000000018636|4.834999999978606)
C29266038287828233,Z29266038287828230,2.25,(19.200500000025045|5.157499999963733) (19.37539898563659|4.172913617348145) (17.55989898563018|3.850413617363017) (17.385000000018636|4.834999999978606)
C29266038287828234,Z29266038287828231,2.25,(17.385000000018636|4.834999999978606) (17.21010101440709|5.819586382594196) (15.394601014400681|5.4970863826090675) (15.569500000012226|4.51249999999348)
C29266038287828235,Z29266038287828231,2.25,(17.385000000018636|4.834999999978606) (17.55989898563018|3.850413617363017) (15.744398985623773|3.527913617377892) (15.569500000012226|4.51249999999348)
C29266038287828236,Z29266038287828231,2.25,(15.569500000012226|4.51249999999348) (15.394601014400681|5.4970863826090675) (13.57910101439427|5.174586382623945) (13.754000000005817|4.190000000008354)
C2926603818594013860,Z2926603818594013860,2.25,(21.016000000031454|5.479999999948859) (20.87916035344282|6.470593211676811) (22.768560353481497|6.731593211685757) (22.90540000007013|5.740999999957808)
C2926603818594013861,Z2926603818594013860,2.25,(21.016000000031454|5.479999999948859) (21.152839646620087|4.489406788220907) (23.042239646658764|4.750406788229858) (22.90540000007013|5.740999999957808)
C2926603818594013862,Z2926603818594013860,2.25,(22.90540000007013|5.740999999957808) (22.768560353481497|6.731593211685757) (24.657960353520174|6.992593211694706) (24.794800000108808|6.001999999966756)
C2926603818594013863,Z2926603818594013860,2.25,(22.90540000007013|5.740999999957808) (23.042239646658764|4.750406788229858) (24.93163964669744|5.011406788238807) (24.794800000108808|6.001999999966756)
C2926603818594013864,Z2926603818594013861,2.25,(24.794800000108808|6.001999999966756) (24.657960353520174|6.992593211694706) (26.54736035355885|7.253593211703657) (26.684200000147484|6.262999999975705)
C2926603818594013865,Z2926603818594013861,2.25,(24.794800000108808|6.001999999966756) (24.93163964669744|5.011406788238807) (26.821039646736118|5.2724067882477526) (26.684200000147484|6.262999999975705)
C2926603818594013866,Z2926603818594013861,2.25,(26.684200000147484|6.262999999975705) (26.54736035355885|7.253593211703657) (28.436760353597524|7.514593211712609) (28.57360000018616|6.523999999984653)
C2926603818594013867,Z2926603818594013861,2.25,(26.684200000147484|6.262999999975705) (26.821039646736118|5.2724067882477526) (28.710439646774798|5.533406788256698) (28.57360000018616|6.523999999984653)
C2926603818594013868,Z2926603818594013862,2.25,(28.57360000018616|6.523999999984653) (28.436760353597524|7.514593211712609) (30.3261603536362|7.775593211721557) (30.463000000224838|6.784999999993602)
C29266038292660840,Z29266038292660840,2.25,(21.016000000031454|5.479999999948859) (21.99345296575524|5.691153261343974) (21.63282796577755|7.360528261348055) (20.655375000053766|7.14937499995294)
C29266038292660841,Z29266038292660840,2.25,(21.016000000031454|5.479999999948859) (20.03854703430767|5.268846738553744) (19.67792203432998|6.938221738557825) (20.655375000053766|7.14937499995294)
C29266038292660842,Z29266038292660840,2.25,(20.655375000053766|7.14937499995294) (21.63282796577755|7.360528261348055) (21.272202965799863|9.029903261352136) (20.29475000007608|8.81874999995702)
C29266038292660843,Z29266038292660840,2.25,(20.655375000053766|7.14937499995294) (19.67792203432998|6.938221738557825) (19.317297034352293|8.607596738561906) (20.29475000007608|8.81874999995702)
C29266038292660844,Z29266038292660841,2.25,(20.29475000007608|8.81874999995702) (21.272202965799863|9.029903261352136) (20.911577965822175|10.699278261356216) (19.93412500009839|10.488124999961101)
C29266038292660845,Z29266038292660841,2.25,(20.29475000007608|8.81874999995702) (19.317297034352293|8.607596738561906) (18.956672034374606|10.276971738565987) (19.93412500009839|10.488124999961101)
C29266038292660846,Z29266038292660841,2.25,(19.93412500009839|10.488124999961101) (20.911577965822175|10.699278261356216) (20.550952965844637|12.368653261360329) (19.573500000120703|12.157499999965182)
C29266038292660847,Z29266038292660841,2.25,(19.93412500009839|10.488124999961101) (18.956672034374606|10.276971738565987) (18.596047034396776|11.946346738570037) (19.573500000120703|12.157499999965182)
C29266038292660848,Z29266038292660842,2.25,(19.573500000120703|12.157499999965182) (20.550952965844637|12.368653261360329) (20.19032796586723|14.03802826136447) (19.212875000143015|13.826874999969263)
C29266038292660849,Z29266038292660842,2.25,(19.573500000120703|12.157499999965182) (18.596047034396776|11.946346738570037) (18.235422034418807|13.615721738574058) (19.212875000143015|13.826874999969263)
C292660382926608410,Z29266038292660842,2.25,(19.212875000143015|13.826874999969263) (20.19032796586723|14.03802826136447) (19.82970296588868|15.707403261368365) (18.852250000165327|15.496249999973344)
C292660382926608411,Z29266038292660842,2.25,(19.212875000143015|13.826874999969263) (18.235422034418807|13.615721738574058) (17.87479703444196|15.28509673857832) (18.852250000165327|15.496249999973344)
C292660382926608412,Z29266038292660843,2.25,(18.852250000165327|15.496249999973344) (19.82970296588868|15.707403261368365) (19.469077965910998|17.376778261372447) (18.49162500018764|17.165624999977425)
C292660382926608413,Z29266038292660843,2.25,(18.852250000165327|15.496249999973344) (17.87479703444196|15.28509673857832) (17.51417203446428|16.954471738582402) (18.49162500018764|17.165624999977425)
C292660382926608414,Z29266038292660843,2.25,(18.49162500018764|17.165624999977425) (19.469077965910998|17.376778261372447) (19.10845296593387|19.04615326137665) (18.13100000020995|18.834999999981505)
C292660412493609330,Z292660412493609330,2.25,(41.12400000025219|9.01499999997668) (40.89121041847345|9.987527125878723) (39.204460418426194|9.58377712588558) (39.43725000020493|8.611249999983528)
C292660412493609331,Z292660412493609330,2.25,(41.12400000025219|9.01499999997668) (41.35678958203093|8.04247287407464) (39.67003958198367|7.638722874081476) (39.43725000020493|8.611249999983528)
C292660412493609332,Z292660412493609330,2.25,(39.43725000020493|8.611249999983528) (39.204460418426194|9.58377712588558) (37.51771041837893|9.18002712589242) (37.75050000015767|8.207499999990375)
C292660412493609333,Z292660412493609330,2.25,(39.43725000020493|8.611249999983528) (39.67003958198367|7.638722874081476) (37.98328958193641|7.23497287408833) (37.75050000015767|8.207499999990375)
C292660412493609334,Z292660412493609331,2.25,(37.75050000015767|8.207499999990375) (37.51771041837893|9.18002712589242) (35.83096041833168|8.77627712589927) (36.06375000011042|7.803749999997223)
C292660412493609335,Z292660412493609331,2.25,(37.75050000015767|8.207499999990375) (37.98328958193641|7.23497287408833) (36.29653958188916|6.831222874095177) (36.06375000011042|7.803749999997223)
C29266041281859440,Z29266041281859440,2.25,(41.12400000025219|9.01499999997668) (40.15326023625391|9.255133943001391) (40.506260236258065|10.682133942997433) (41.47700000025623|10.44199999997275)
C29266041281859441,Z29266041281859440,2.25,(41.12400000025219|9.01499999997668) (42.09473976425046|8.774866056951971) (42.44773976425441|10.201866056948067) (41.47700000025623|10.44199999997275)
C29266041281859442,Z29266041281859440,2.25,(41.47700000025623|10.44199999997275) (40.506260236258065|10.682133942997433) (40.85926023626221|12.109133942993477) (41.83000000026027|11.868999999968821)
C29266041281859443,Z29266041281859440,2.25,(41.47700000025623|10.44199999997275) (42.44773976425441|10.201866056948067) (42.80073976425834|11.628866056944164) (41.83000000026027|11.868999999968821)
C29266041281859444,Z29266041281859441,2.25,(41.83000000026027|11.868999999968821) (40.85926023626221|12.109133942993477) (41.21226023626603|13.536133942989602) (42.183000000264315|13.295999999964891)
C29266041281859445,Z29266041281859441,2.25,(41.83000000026027|11.868999999968821) (42.80073976425834|11.628866056944164) (43.15373976426259|13.055866056940182) (42.183000000264315|13.295999999964891)
C2926604120392096320,Z2926604120392096320,2.25,(41.12400000025219|9.01499999997668) (41.49184995346|9.94488516058791) (42.7153499534405|9.46088516058067) (42.347500000232685|8.530999999969424)
C2926604120392096321,Z2926604120392096320,2.25,(41.12400000025219|9.01499999997668) (40.75615004704438|8.085114839365447) (41.97965004702487|7.601114839358178) (42.347500000232685|8.530999999969424)
C2926604120392096322,Z2926604120392096320,2.25,(42.347500000232685|8.530999999969424) (42.7153499534405|9.46088516058067) (43.938849953421006|8.976885160573412) (43.57100000021319|8.046999999962168)
C29266084287828200,Z29266084287828200,2.25,(18.13100000020995|18.834999999981505) (18.319841350623523|19.817007609103648) (16.310841350617764|20.203340942428) (16.122000000204178|19.22133333330578)
C29266084287828201,Z29266084287828200,2.25,(18.13100000020995|18.834999999981505) (17.94215864979638|17.85299239085936) (15.93315864979059|18.23932572418356) (16.122000000204178|19.22133333330578)
C29266084287828202,Z29266084287828200,2.25,(16.122000000204178|19.22133333330578) (16.310841350617764|20.203340942428) (14.30184135061199|20.589674275752273) (14.113000000198403|19.607666666630053)
C29266084287828203,Z29266084287828200,2.25,(16.122000000204178|19.22133333330578) (15.93315864979059|18.23932572418356) (13.924158649784815|18.625659057507832) (14.113000000198403|19.607666666630053)
C29266084287828204,Z29266084287828201,2.25,(14.113000000198403|19.607666666630053) (14.30184135061199|20.589674275752273) (12.292841350606222|20.976007609076582) (12.104000000192627|19.993999999954326)
C29266084287828205,Z29266084287828201,2.25,(14.113000000198403|19.607666666630053) (13.924158649784815|18.625659057507832) (11.915158649779032|19.01199239083207) (12.104000000192627|19.993999999954326)
C2926608418352034930,Z2926608418352034930,2.25,(18.13100000020995|18.834999999981505) (19.0971324586449|19.09304664839759) (18.741632458575754|20.424046648390803) (17.775500000141164|20.165999999974815)
C2926608418352034931,Z2926608418352034930,2.25,(18.13100000020995|18.834999999981505) (17.164867541775003|18.57695335156542) (16.809367541706575|19.907953351558827) (17.775500000141164|20.165999999974815)
C2926608418352034932,Z2926608418352034930,2.25,(17.775500000141164|20.165999999974815) (18.741632458575754|20.424046648390803) (18.386132458507326|21.75504664838421) (17.420000000072378|21.496999999968125)
C2878280918594013900,Z2878280918594013900,2.25,(13.171000000227195|38.021000000014745) (13.029997549869494|39.01100924693777) (15.147597549832243|39.31260924693801) (15.288600000189945|38.32260000001498)
C2878280918594013901,Z2878280918594013900,2.25,(13.171000000227195|38.021000000014745) (13.312002450584897|37.030990753091714) (15.429602450547646|37.33259075309195) (15.288600000189945|38.32260000001498)
C2878280918594013902,Z2878280918594013900,2.25,(15.288600000189945|38.32260000001498) (15.147597549832243|39.31260924693801) (17.26519754979498|39.61420924693834) (17.406200000152694|38.624200000015215)
C2878280918594013903,Z2878280918594013900,2.25,(15.288600000189945|38.32260000001498) (15.429602450547646|37.33259075309195) (17.547202450510408|37.63419075309209) (17.406200000152694|38.624200000015215)
C2878280918594013904,Z2878280918594013901,2.25,(17.406200000152694|38.624200000015215) (17.26519754979498|39.61420924693834) (19.382797549757715|39.91580924693866) (19.523800000115443|38.92580000001544)
C2878280918594013905,Z2878280918594013901,2.25,(17.406200000152694|38.624200000015215) (17.547202450510408|37.63419075309209) (19.66480245047317|37.935790753092235) (19.523800000115443|38.92580000001544)
C2878280918594013906,Z2878280918594013901,2.25,(19.523800000115443|38.92580000001544) (19.382797549757715|39.91580924693866) (21.500397549720493|40.2174092469387) (21.641400000078193|39.22740000001568)
C2878280918594013907,Z2878280918594013901,2.25,(19.523800000115443|38.92580000001544) (19.66480245047317|37.935790753092235) (21.782402450435896|38.23739075309265) (21.641400000078193|39.22740000001568)
C2878280918594013908,Z2878280918594013902,2.25,(21.641400000078193|39.22740000001568) (21.500397549720493|40.2174092469387) (23.61799754968324|40.51900924693894) (23.759000000040942|39.52900000001591)
C2878280918594013909,Z2878280918594013902,2.25,(21.641400000078193|39.22740000001568) (21.782402450435896|38.23739075309265) (23.900002450398645|38.53899075309288) (23.759000000040942|39.52900000001591)
C287828093786481800,Z287828093786481800,2.25,(13.171000000227195|38.021000000014745) (14.157743387766168|38.18328828408948) (13.903343387749082|39.73008828408933) (12.91660000021011|39.56780000001459)
C287828093786481801,Z287828093786481800,2.25,(13.171000000227195|38.021000000014745) (12.184256612688223|37.85871171594001) (11.929856612671138|39.40551171593986) (12.91660000021011|39.56780000001459)
C287828093786481802,Z287828093786481800,2.25,(12.91660000021011|39.56780000001459) (13.903343387749082|39.73008828408933) (13.648943387723918|41.276888284087846) (12.662200000193025|41.11460000001444)
C287828093786481803,Z287828093786481800,2.25,(12.91660000021011|39.56780000001459) (11.929856612671138|39.40551171593986) (11.675456612662131|40.952311715941036) (12.662200000193025|41.11460000001444)
C287828093786481804,Z287828093786481801,2.25,(12.662200000193025|41.11460000001444) (13.648943387723918|41.276888284087846) (13.39454338771085|42.82368828408835) (12.40780000017594|42.66140000001428)
C287828093786481805,Z287828093786481801,2.25,(12.662200000193025|41.11460000001444) (11.675456612662131|40.952311715941036) (11.421056612641028|42.49911171594022) (12.40780000017594|42.66140000001428)
C287828093786481806,Z287828093786481801,2.25,(12.40780000017594|42.66140000001428) (13.39454338771085|42.82368828408835) (13.140143387701887|44.37048828408953) (12.153400000158854|44.20820000001413)
C287828093786481807,Z287828093786481801,2.25,(12.40780000017594|42.66140000001428) (11.421056612641028|42.49911171594022) (11.166656612615864|44.045911715938736) (12.153400000158854|44.20820000001413)
C287828093786481808,Z287828093786481802,2.25,(12.153400000158854|44.20820000001413) (13.140143387701887|44.37048828408953) (12.885743387684759|45.91728828408937) (11.899000000141768|45.75500000001398)
C28782809287828180,Z28782809287828180,2.25,(13.171000000227195|38.021000000014745) (14.16058308032694|38.16496293825331) (14.39844022314681|36.52996293824924) (13.408857143052241|36.38600000001143)
C28782809287828181,Z28782809287828180,2.25,(13.171000000227195|38.021000000014745) (12.18141692012745|37.87703706177618) (12.419274062957673|36.242037061773615) (13.408857143052241|36.38600000001143)
C28782809287828182,Z28782809287828180,2.25,(13.408857143052241|36.38600000001143) (14.39844022314681|36.52996293824924) (14.636297365971854|34.89496293824591) (13.646714285877286|34.7510000000081)
C28782809287828183,Z28782809287828180,2.25,(13.408857143052241|36.38600000001143) (12.419274062957673|36.242037061773615) (12.657131205782717|34.607037061770285) (13.646714285877286|34.7510000000081)
C28782809287828184,Z28782809287828181,2.25,(13.646714285877286|34.7510000000081) (14.636297365971854|34.89496293824591) (14.874154508807305|33.25996293824411) (13.884571428702332|33.11600000000478)
C28782809287828185,Z28782809287828181,2.25,(13.646714285877286|34.7510000000081) (12.657131205782717|34.607037061770285) (12.894988348597408|32.97203706176546) (13.884571428702332|33.11600000000478)
C28782809287828186,Z28782809287828181,2.25,(13.884571428702332|33.11600000000478) (14.874154508807305|33.25996293824411) (15.112011651627123|31.624962938240028) (14.122428571527378|31.481000000001462)
C28782809287828187,Z28782809287828181,2.25,(13.884571428702332|33.11600000000478) (12.894988348597408|32.97203706176546) (13.132845491427656|31.3370370617629) (14.122428571527378|31.481000000001462)
C28782809287828188,Z28782809287828182,2.25,(14.122428571527378|31.481000000001462) (15.112011651627123|31.624962938240028) (15.349868794449556|29.98996293823632) (14.360285714352424|29.845999999998135)
C28782809287828189,Z28782809287828182,2.25,(14.122428571527378|31.481000000001462) (13.132845491427656|31.3370370617629) (13.370702634255267|29.702037061759945) (14.360285714352424|29.845999999998135)
C287828092878281810,Z28782809287828182,2.25,(14.360285714352424|29.845999999998135) (15.349868794449556|29.98996293823632) (15.587725937277213|28.35496293823338) (14.598142857177468|28.210999999994815)
C287828092878281811,Z28782809287828182,2.25,(14.360285714352424|29.845999999998135) (13.370702634255267|29.702037061759945) (13.608559777077698|28.067037061756245) (14.598142857177468|28.210999999994815)
C287828092878281812,Z28782809287828183,2.25,(14.598142857177468|28.210999999994815) (15.587725937277213|28.35496293823338) (15.825583080097058|26.719962938229305) (14.836000000002514|26.575999999991495)
C2878281818352034930,Z2878281818352034930,2.25,(14.836000000002514|26.575999999991495) (15.727281763512554|27.02944990685537) (16.373281763529544|25.759699906849285) (15.48200000001998|25.306249999985653)
C2878281818352034931,Z2878281818352034930,2.25,(14.836000000002514|26.575999999991495) (13.94471823649248|26.122550093127625) (14.590718236510414|24.85280009312202) (15.48200000001998|25.306249999985653)
C2878281818352034932,Z2878281818352034930,2.25,(15.48200000001998|25.306249999985653) (16.373281763529544|25.759699906849285) (17.019281763547166|24.48994990684352) (16.128000000037446|24.03649999997981)
C2878281818352034933,Z2878281818352034930,2.25,(15.48200000001998|25.306249999985653) (14.590718236510414|24.85280009312202) (15.236718236527727|23.5830500931161) (16.128000000037446|24.03649999997981)
C2878281818352034934,Z2878281818352034931,2.25,(16.128000000037446|24.03649999997981) (17.019281763547166|24.48994990684352) (17.665281763564792|23.22019990683776) (16.77400000005491|22.766749999973968)
C2878281818352034935,Z2878281818352034931,2.25,(16.128000000037446|24.03649999997981) (15.236718236527727|23.5830500931161) (15.882718236545031|22.313300093110175) (16.77400000005491|22.766749999973968)
C28782818287828200,Z28782818287828200,2.25,(14.836000000002514|26.575999999991495) (13.91240083692275|26.959359603963552) (13.22940083697002|25.313859603954366) (14.153000000050042|24.930499999982203)
C28782818287828201,Z28782818287828200,2.25,(14.836000000002514|26.575999999991495) (15.759599163082278|26.19264039601944) (15.076599163130071|24.547140396010036) (14.153000000050042|24.930499999982203)
C28782818287828202,Z28782818287828200,2.25,(14.153000000050042|24.930499999982203) (13.22940083697002|25.313859603954366) (12.546400837017284|23.668359603945184) (13.47000000009757|23.28499999997291)
C28782818287828203,Z28782818287828200,2.25,(14.153000000050042|24.930499999982203) (15.076599163130071|24.547140396010036) (14.393599163177848|22.90164039600064) (13.47000000009757|23.28499999997291)
C28782818287828204,Z28782818287828201,2.25,(13.47000000009757|23.28499999997291) (12.546400837017284|23.668359603945184) (11.863400837064813|22.022859603935892) (12.787000000145099|21.63949999996362)
C28782818287828205,Z28782818287828201,2.25,(13.47000000009757|23.28499999997291) (14.393599163177848|22.90164039600064) (13.710599163225377|21.25614039599135) (12.787000000145099|21.63949999996362)
C28782818287828206,Z28782818287828201,2.25,(12.787000000145099|21.63949999996362) (11.863400837064813|22.022859603935892) (11.180400837112598|20.377359603926493) (12.104000000192627|19.993999999954326)
C28782818287828207,Z28782818287828201,2.25,(12.787000000145099|21.63949999996362) (13.710599163225377|21.25614039599135) (13.027599163272649|19.610640395982163) (12.104000000192627|19.993999999954326)
C28782820287828230,Z28782820287828230,2.25,(12.104000000192627|19.993999999954326) (13.098594062344494|20.097839547054452) (13.281927395651966|18.341839547059923) (12.287333333505204|18.23799999996033)
C28782820287828231,Z28782820287828230,2.25,(12.104000000192627|19.993999999954326) (11.109405938040794|19.890160452854204) (11.292739271358476|18.13416045286074) (12.287333333505204|18.23799999996033)
C28782820287828232,Z28782820287828230,2.25,(12.287333333505204|18.23799999996033) (13.281927395651966|18.341839547059923) (13.465260728967095|16.585839547066193) (12.470666666817781|16.481999999966334)
C28782820287828233,Z28782820287828230,2.25,(12.287333333505204|18.23799999996033) (11.292739271358476|18.13416045286074) (11.4760726046685|16.378160452866478) (12.470666666817781|16.481999999966334)
C28782820287828234,Z28782820287828231,2.25,(12.470666666817781|16.481999999966334) (13.465260728967095|16.585839547066193) (13.648594062278379|14.82983954707206) (12.654000000130358|14.725999999972336)
C28782820287828235,Z28782820287828231,2.25,(12.470666666817781|16.481999999966334) (11.4760726046685|16.378160452866478) (11.659405937982337|14.622160452872611) (12.654000000130358|14.725999999972336)
C28782820287828236,Z28782820287828231,2.25,(12.654000000130358|14.725999999972336) (13.648594062278379|14.82983954707206) (13.831927395590956|13.073839547078062) (12.837333333442935|12.969999999978338)
C28782820287828237,Z28782820287828231,2.25,(12.654000000130358|14.725999999972336) (11.659405937982337|14.622160452872611) (11.842739271294914|12.866160452878614) (12.837333333442935|12.969999999978338)
C28782820287828238,Z28782820287828232,2.25,(12.837333333442935|12.969999999978338) (13.831927395590956|13.073839547078062) (14.015260728903531|11.317839547084066) (13.02066666675551|11.213999999984342)
C28782820287828239,Z28782820287828232,2.25,(12.837333333442935|12.969999999978338) (11.842739271294914|12.866160452878614) (12.026072604607506|11.11016045288462) (13.02066666675551|11.213999999984342)
C287828202878282310,Z28782820287828232,2.25,(13.02066666675551|11.213999999984342) (14.015260728903531|11.317839547084066) (14.198594062214815|9.561839547089933) (13.204000000068087|9.457999999990344)
C287828202878282311,Z28782820287828232,2.25,(13.02066666675551|11.213999999984342) (12.026072604607506|11.11016045288462) (12.20940593792134|9.354160452890753) (13.204000000068087|9.457999999990344)
C287828202878282312,Z28782820287828233,2.25,(13.204000000068087|9.457999999990344) (14.198594062214815|9.561839547089933) (14.381927395527724|7.805839547095972) (13.387333333380663|7.701999999996348)
C287828202878282313,Z28782820287828233,2.25,(13.204000000068087|9.457999999990344) (12.20940593792134|9.354160452890753) (12.392739271233612|7.598160452896725) (13.387333333380663|7.701999999996348)
C287828202878282314,Z28782820287828233,2.25,(13.387333333380663|7.701999999996348) (14.381927395527724|7.805839547095972) (14.565260728839977|6.049839547101941) (13.57066666669324|5.946000000002351)
C287828202878282315,Z28782820287828233,2.25,(13.387333333380663|7.701999999996348) (12.392739271233612|7.598160452896725) (12.576072604546503|5.84216045290276) (13.57066666669324|5.946000000002351)
C287828202878282316,Z28782820287828234,2.25,(13.57066666669324|5.946000000002351) (14.565260728839977|6.049839547101941) (14.748594062152877|4.293839547107978) (13.754000000005817|4.190000000008354)
C287828202878282317,Z28782820287828234,2.25,(13.57066666669324|5.946000000002351) (12.576072604546503|5.84216045290276) (12.759405937858757|4.08616045290873) (13.754000000005817|4.190000000008354)
C228522826812342872250,Z228522826812342872250,2.25,(52.96400000020185|10.615999999998849) (52.841425346120516|11.608459295978708) (55.01675867943758|11.877125962634974) (55.13933333351891|10.884666666655107)
C228522826812342872251,Z228522826812342872250,2.25,(52.96400000020185|10.615999999998849) (53.08657465428318|9.623540704018987) (55.261907987600246|9.89220737067524) (55.13933333351891|10.884666666655107)
C228522826812342872252,Z228522826812342872250,2.25,(55.13933333351891|10.884666666655107) (55.01675867943758|11.877125962634974) (57.192092012754635|12.145792629291225) (57.31466666683597|11.153333333311366)
C228522826812342872253,Z228522826812342872250,2.25,(55.13933333351891|10.884666666655107) (55.261907987600246|9.89220737067524) (57.4372413209173|10.160874037331507) (57.31466666683597|11.153333333311366)
C228522826812342872254,Z228522826812342872251,2.25,(57.31466666683597|11.153333333311366) (57.192092012754635|12.145792629291225) (59.367425346071705|12.414459295947474) (59.49000000015303|11.421999999967626)
C228522826812342872255,Z228522826812342872251,2.25,(57.31466666683597|11.153333333311366) (57.4372413209173|10.160874037331507) (59.61257465423436|10.429540703987781) (59.49000000015303|11.421999999967626)
C2285228268281871450,Z2285228268281871450,2.25,(52.96400000020185|10.615999999998849) (52.89948225935313|11.613916560196028) (51.321815592652754|11.511916560188276) (51.386333333501476|10.513999999991105)
C2285228268281871451,Z2285228268281871450,2.25,(52.96400000020185|10.615999999998849) (53.02851774105057|9.61808343980167) (51.4508510743502|9.516083439793933) (51.386333333501476|10.513999999991105)
C2285228268281871452,Z2285228268281871450,2.25,(51.386333333501476|10.513999999991105) (51.321815592652754|11.511916560188276) (49.74414892595237|11.409916560180548) (49.808666666801095|10.41199999998336)
C2285228268281871453,Z2285228268281871450,2.25,(51.386333333501476|10.513999999991105) (51.4508510743502|9.516083439793933) (49.873184407649816|9.414083439786173) (49.808666666801095|10.41199999998336)
C228522826812342872260,Z228522826812342872260,2.25,(52.96400000020185|10.615999999998849) (53.92757833087191|10.88342625275519) (54.339578330854735|9.398926252744376) (53.37600000018483|9.13149999998808)
C228522826812342872261,Z228522826812342872260,2.25,(52.96400000020185|10.615999999998849) (52.00042166953179|10.348573747242508) (52.41242166951493|8.864073747231783) (53.37600000018483|9.13149999998808)
C228522826812342872262,Z228522826812342872260,2.25,(53.37600000018483|9.13149999998808) (54.339578330854735|9.398926252744376) (54.75157833083772|7.914426252733607) (53.78800000016781|7.646999999977311)
C228522826812342872263,Z228522826812342872260,2.25,(53.37600000018483|9.13149999998808) (52.41242166951493|8.864073747231783) (52.82442166949791|7.379573747221015) (53.78800000016781|7.646999999977311)
C228522826812342872264,Z228522826812342872261,2.25,(53.78800000016781|7.646999999977311) (54.75157833083772|7.914426252733607) (55.163578330820734|6.429926252722849) (54.200000000150794|6.162499999966542)
C228522826812342872265,Z228522826812342872261,2.25,(53.78800000016781|7.646999999977311) (52.82442166949791|7.379573747221015) (53.23642166948085|5.895073747210234) (54.200000000150794|6.162499999966542)
C228522826812342872266,Z228522826812342872261,2.25,(54.200000000150794|6.162499999966542) (55.163578330820734|6.429926252722849) (55.575578330803744|4.945426252712086) (54.612000000133776|4.677999999955773)
C123429304012342930460,Z123429304012342930460,2.25,(47.76100000015049|7.2370000000177015) (46.782507348352205|7.443281677286389) (46.437507348370595|5.80678167727569) (47.41600000016888|5.600500000007003)
C123429304012342930461,Z123429304012342930460,2.25,(47.76100000015049|7.2370000000177015) (48.73949265194877|7.030718322749014) (48.39449265196716|5.394218322738316) (47.41600000016888|5.600500000007003)
C123429304012342930462,Z123429304012342930460,2.25,(47.41600000016888|5.600500000007003) (46.437507348370595|5.80678167727569) (46.092507348388985|4.170281677264991) (47.07100000018727|3.963999999996304)
C123429304012342930463,Z123429304012342930460,2.25,(47.41600000016888|5.600500000007003) (48.39449265196716|5.394218322738316) (48.04949265198555|3.7577183227276167) (47.07100000018727|3.963999999996304)
C123429304012342930450,Z123429304012342930450,2.25,(47.76100000015049|7.2370000000177015) (47.678601187199156|8.233599435911692) (46.2756011872171|8.117599435906124) (46.35800000016843|7.121000000012145)
C123429304512342930460,Z123429304512342930460,2.25,(46.35800000016843|7.121000000012145) (47.33343243586846|7.341298804785349) (47.57109910254133|6.28896547144672) (46.595666666841375|6.068666666673532)
C123429304512342930461,Z123429304512342930460,2.25,(46.35800000016843|7.121000000012145) (45.3825675644684|6.900701195238942) (45.62023423114141|5.848367861900343) (46.595666666841375|6.068666666673532)
C123429304512342930462,Z123429304512342930460,2.25,(46.595666666841375|6.068666666673532) (47.57109910254133|6.28896547144672) (47.808765769214254|5.2366321381080985) (46.833333333514325|5.016333333334917)
C123429304512342930463,Z123429304512342930460,2.25,(46.595666666841375|6.068666666673532) (45.62023423114141|5.848367861900343) (45.857900897814396|4.796034528561736) (46.833333333514325|5.016333333334917)
C123429304521370705800,Z123429304521370705800,2.25,(46.35800000016843|7.121000000012145) (47.17040331219028|7.704095925753291) (46.63640331206058|8.448095925708072) (45.82400000003872|7.864999999966926)
C123429304618647608570,Z123429304618647608570,2.25,(47.07100000018727|3.963999999996304) (46.07820508143399|4.083825912458296) (45.90120508142597|2.6173259124447323) (46.8940000001794|2.497499999982722)
C123429304618647608571,Z123429304618647608570,2.25,(47.07100000018727|3.963999999996304) (48.06379491894056|3.8441740875343107) (47.886794918932836|2.3776740875207114) (46.8940000001794|2.497499999982722)
C123429304618647608572,Z123429304618647608570,2.25,(46.8940000001794|2.497499999982722) (45.90120508142597|2.6173259124447323) (45.7242050814181|1.1508259124311513) (46.71700000017154|1.03099999996914)
C24936093318594013860,Z24936093318594013860,2.25,(34.37700000006316|7.40000000000407) (34.221776241158544|8.38787933710527) (32.26477624123938|8.08037933710004) (32.420000000144|7.092499999998836)
C24936093318594013861,Z24936093318594013860,2.25,(34.37700000006316|7.40000000000407) (34.53222375896778|6.412120662902869) (32.57522375904862|6.104620662897632) (32.420000000144|7.092499999998836)
C24936093318594013862,Z24936093318594013860,2.25,(32.420000000144|7.092499999998836) (32.26477624123938|8.08037933710004) (30.30777624132022|7.77287933709481) (30.463000000224838|6.784999999993602)
C24936093318594013863,Z24936093318594013860,2.25,(32.420000000144|7.092499999998836) (32.57522375904862|6.104620662897632) (30.618223759129457|5.797120662892394) (30.463000000224838|6.784999999993602)
C3786481803786485460,Z3786481803786485460,2.25,(11.899000000141768|45.75500000001398) (11.736522853347479|46.741712307006075) (13.800451424782546|47.08156944986086) (13.962928571576835|46.09485714286876)
C3786481803786485461,Z3786481803786485460,2.25,(11.899000000141768|45.75500000001398) (12.061477146936058|44.76828769302188) (14.125405718371125|45.10814483587667) (13.962928571576835|46.09485714286876)
C3786481803786485462,Z3786481803786485460,2.25,(13.962928571576835|46.09485714286876) (13.800451424782546|47.08156944986086) (15.86437999621764|47.42142659271548) (16.026857143011902|46.434714285723544)
C3786481803786485463,Z3786481803786485460,2.25,(13.962928571576835|46.09485714286876) (14.125405718371125|45.10814483587667) (16.189334289806165|45.44800197873161) (16.026857143011902|46.434714285723544)
C3786481803786485464,Z3786481803786485461,2.25,(16.026857143011902|46.434714285723544) (15.86437999621764|47.42142659271548) (17.928308567652678|47.76128373557042) (18.09078571444697|46.77457142857833)
C3786481803786485465,Z3786481803786485461,2.25,(16.026857143011902|46.434714285723544) (16.189334289806165|45.44800197873161) (18.253262861241257|45.78785912158624) (18.09078571444697|46.77457142857833)
C3786481803786485466,Z3786481803786485461,2.25,(18.09078571444697|46.77457142857833) (17.928308567652678|47.76128373557042) (19.99223713908777|48.10114087842504) (20.154714285882033|47.11442857143311)
C3786481803786485467,Z3786481803786485461,2.25,(18.09078571444697|46.77457142857833) (18.253262861241257|45.78785912158624) (20.317191432676296|46.127716264441176) (20.154714285882033|47.11442857143311)
C3786481803786485468,Z3786481803786485462,2.25,(20.154714285882033|47.11442857143311) (19.99223713908777|48.10114087842504) (22.056165710522784|48.44099802128015) (22.2186428573171|47.45428571428789)
C3786481803786485469,Z3786481803786485462,2.25,(20.154714285882033|47.11442857143311) (20.317191432676296|46.127716264441176) (22.381120004111416|46.46757340729564) (22.2186428573171|47.45428571428789)
C37864818037864854610,Z3786481803786485462,2.25,(22.2186428573171|47.45428571428789) (22.056165710522784|48.44099802128015) (24.120094281957876|48.78085516413477) (24.282571428752167|47.794142857142674)
C37864818037864854611,Z3786481803786485462,2.25,(22.2186428573171|47.45428571428789) (22.381120004111416|46.46757340729564) (24.44504857554646|46.80743055015058) (24.282571428752167|47.794142857142674)
C37864818037864854612,Z3786481803786485463,2.25,(24.282571428752167|47.794142857142674) (24.120094281957876|48.78085516413477) (26.184022853392943|49.12071230698956) (26.346500000187234|48.133999999997464)
C37864818037864854613,Z3786481803786485463,2.25,(24.282571428752167|47.794142857142674) (24.44504857554646|46.80743055015058) (26.508977146981522|47.147287693005374) (26.346500000187234|48.133999999997464)
C37864818037864854614,Z3786481803786485463,2.25,(26.346500000187234|48.133999999997464) (26.184022853392943|49.12071230698956) (28.24795142482801|49.460569449844336) (28.4104285716223|48.47385714285224)
C37864818037864854615,Z3786481803786485463,2.25,(26.346500000187234|48.133999999997464) (26.508977146981522|47.147287693005374) (28.572905718416592|47.48714483586014) (28.4104285716223|48.47385714285224)
C37864818037864854616,Z3786481803786485464,2.25,(28.4104285716223|48.47385714285224) (28.24795142482801|49.460569449844336) (30.311879996263052|49.80042659269929) (30.474357143057368|48.81371428570703)
C37864818037864854617,Z3786481803786485464,2.25,(28.4104285716223|48.47385714285224) (28.572905718416592|47.48714483586014) (30.636834289851684|47.827001978714776) (30.474357143057368|48.81371428570703)
C37864818037864854618,Z3786481803786485464,2.25,(30.474357143057368|48.81371428570703) (30.311879996263052|49.80042659269929) (32.375808567698165|50.14028373555374) (32.53828571449243|49.153571428561804)
C37864818037864854619,Z3786481803786485464,2.25,(30.474357143057368|48.81371428570703) (30.636834289851684|47.827001978714776) (32.7007628612867|48.16685912156987) (32.53828571449243|49.153571428561804)
C37864818037864854620,Z3786481803786485465,2.25,(32.53828571449243|49.153571428561804) (32.375808567698165|50.14028373555374) (34.439737139133214|50.48014087840869) (34.6022142859275|49.493428571416594)
C37864818037864854621,Z3786481803786485465,2.25,(32.53828571449243|49.153571428561804) (32.7007628612867|48.16685912156987) (34.76469143272179|48.506716264424504) (34.6022142859275|49.493428571416594)
C37864818037864854622,Z3786481803786485465,2.25,(34.6022142859275|49.493428571416594) (34.439737139133214|50.48014087840869) (36.50366571056828|50.81999802126347) (36.666142857362566|49.833285714271376)
C37864818037864854623,Z3786481803786485465,2.25,(34.6022142859275|49.493428571416594) (34.76469143272179|48.506716264424504) (36.82862000415685|48.84657340727928) (36.666142857362566|49.833285714271376)
C37864818037864854624,Z3786481803786485466,2.25,(36.666142857362566|49.833285714271376) (36.50366571056828|50.81999802126347) (38.56759428200335|51.159855164118255) (38.730071428797636|50.17314285712616)
C37864818037864854625,Z3786481803786485466,2.25,(36.666142857362566|49.833285714271376) (36.82862000415685|48.84657340727928) (38.892548575591924|49.18643055013407) (38.730071428797636|50.17314285712616)
C37864818037864854626,Z3786481803786485466,2.25,(38.730071428797636|50.17314285712616) (38.56759428200335|51.159855164118255) (40.63152285343841|51.49971230697304) (40.7940000002327|50.51299999998094)
C185940136318352034930,Z185940136318352034930,2.25,(27.043000000048778|22.98499999994874) (26.890186581583368|23.973255057682746) (24.965586581588077|23.67565505768669) (25.118400000053498|22.687399999952618)
C185940136318352034931,Z185940136318352034930,2.25,(27.043000000048778|22.98499999994874) (27.195813418514188|21.996744942214736) (25.27121341851892|21.699144942218545) (25.118400000053498|22.687399999952618)
C185940136318352034932,Z185940136318352034930,2.25,(25.118400000053498|22.687399999952618) (24.965586581588077|23.67565505768669) (23.0409865815928|23.37805505769053) (23.193800000058218|22.389799999956495)
C185940136318352034933,Z185940136318352034930,2.25,(25.118400000053498|22.687399999952618) (25.27121341851892|21.699144942218545) (23.346613418523635|21.401544942222458) (23.193800000058218|22.389799999956495)
C185940136318352034934,Z185940136318352034931,2.25,(23.193800000058218|22.389799999956495) (23.0409865815928|23.37805505769053) (21.11638658159752|23.080455057694408) (21.269200000062938|22.09219999996037)
C185940136318352034935,Z185940136318352034931,2.25,(23.193800000058218|22.389799999956495) (23.346613418523635|21.401544942222458) (21.422013418528355|21.103944942226335) (21.269200000062938|22.09219999996037)
C185940136318352034936,Z185940136318352034931,2.25,(21.269200000062938|22.09219999996037) (21.11638658159752|23.080455057694408) (19.19178658160224|22.782855057698285) (19.344600000067658|21.794599999964248)
C185940136318352034937,Z185940136318352034931,2.25,(21.269200000062938|22.09219999996037) (21.422013418528355|21.103944942226335) (19.497413418533075|20.80634494223021) (19.344600000067658|21.794599999964248)
C185940136318352034938,Z185940136318352034932,2.25,(19.344600000067658|21.794599999964248) (19.19178658160224|22.782855057698285) (17.26718658160696|22.48525505770216) (17.420000000072378|21.496999999968125)
C185940136318594013840,Z185940136318594013840,2.25,(27.043000000048778|22.98499999994874) (28.014108149996915|23.223639814531136) (28.41210815001611|21.604039814533404) (27.441000000067106|21.365399999950796)
C185940136318594013841,Z185940136318594013840,2.25,(27.043000000048778|22.98499999994874) (26.07189185010064|22.746360185366346) (26.469891850118103|21.126760185368187) (27.441000000067106|21.365399999950796)
C185940136318594013842,Z185940136318594013840,2.25,(27.441000000067106|21.365399999950796) (28.41210815001611|21.604039814533404) (28.810108150034452|19.984439814535463) (27.839000000085434|19.74579999995285)
C185940136318594013843,Z185940136318594013840,2.25,(27.441000000067106|21.365399999950796) (26.469891850118103|21.126760185368187) (26.86789185013643|19.507160185370243) (27.839000000085434|19.74579999995285)
C185940136318594013844,Z185940136318594013841,2.25,(27.839000000085434|19.74579999995285) (28.810108150034452|19.984439814535463) (29.208108150052333|18.364839814537408) (28.237000000103762|18.126199999954906)
C185940136318594013845,Z185940136318594013841,2.25,(27.839000000085434|19.74579999995285) (26.86789185013643|19.507160185370243) (27.265891850155192|17.887560185372404) (28.237000000103762|18.126199999954906)
C185940136318594013846,Z185940136318594013841,2.25,(28.237000000103762|18.126199999954906) (29.208108150052333|18.364839814537408) (29.60610815007111|16.745239814539573) (28.63500000012209|16.50659999995696)
C185940136318594013847,Z185940136318594013841,2.25,(28.237000000103762|18.126199999954906) (27.265891850155192|17.887560185372404) (27.663891850173087|16.267960185374353) (28.63500000012209|16.50659999995696)
C185940136318594013848,Z185940136318594013842,2.25,(28.63500000012209|16.50659999995696) (29.60610815007111|16.745239814539573) (30.00410815008899|15.125639814541518) (29.03300000014042|14.886999999959016)
C185940136318594013710,Z185940136318594013710,2.25,(27.043000000048778|22.98499999994874) (28.02219660049712|23.187913818274556) (27.68259660053473|24.82671381828345) (26.70340000008764|24.623799999957896)
C185940136318594013711,Z185940136318594013710,2.25,(27.043000000048778|22.98499999994874) (26.063803399600435|22.782086181622926) (25.72420339964055|24.42088618163234) (26.70340000008764|24.623799999957896)
C185940136318594013712,Z185940136318594013710,2.25,(26.70340000008764|24.623799999957896) (27.68259660053473|24.82671381828345) (27.342996600574846|26.465513818292866) (26.363800000126503|26.26259999996705)
C185940136318594013713,Z185940136318594013710,2.25,(26.70340000008764|24.623799999957896) (25.72420339964055|24.42088618163234) (25.38460339967816|26.059686181641236) (26.363800000126503|26.26259999996705)
C185940136318594013714,Z185940136318594013711,2.25,(26.363800000126503|26.26259999996705) (27.342996600574846|26.465513818292866) (27.00339660061494|28.104313818302277) (26.024200000165365|27.901399999976206)
C185940136318594013715,Z185940136318594013711,2.25,(26.363800000126503|26.26259999996705) (25.38460339967816|26.059686181641236) (25.04500339971579|27.698486181650136) (26.024200000165365|27.901399999976206)
C185940136318594013716,Z185940136318594013711,2.25,(26.024200000165365|27.901399999976206) (27.00339660061494|28.104313818302277) (26.663796600655054|29.74311381831169) (25.684600000204227|29.54019999998536)
C185940136318594013717,Z185940136318594013711,2.25,(26.024200000165365|27.901399999976206) (25.04500339971579|27.698486181650136) (24.70540339975342|29.337286181659035) (25.684600000204227|29.54019999998536)
C185940136318594013718,Z185940136318594013712,2.25,(25.684600000204227|29.54019999998536) (26.663796600655054|29.74311381831169) (26.324196600691415|31.381913818320328) (25.34500000024309|31.178999999994517)
C185940137118594013900,Z185940137118594013900,2.25,(25.34500000024309|31.178999999994517) (26.327435238261796|31.36560386678401) (26.010235238218353|33.03560386678772) (25.02780000020266|32.848999999998796)
C185940137118594013901,Z185940137118594013900,2.25,(25.34500000024309|31.178999999994517) (24.362564762224384|30.992396133205023) (24.04536476218693|32.66239613320987) (25.02780000020266|32.848999999998796)
C185940137118594013902,Z185940137118594013900,2.25,(25.02780000020266|32.848999999998796) (26.010235238218353|33.03560386678772) (25.693035238177924|34.705603866791996) (24.71060000016223|34.519000000003075)
C185940137118594013903,Z185940137118594013900,2.25,(25.02780000020266|32.848999999998796) (24.04536476218693|32.66239613320987) (23.728164762146537|34.332396133214154) (24.71060000016223|34.519000000003075)
C185940137118594013904,Z185940137118594013901,2.25,(24.71060000016223|34.519000000003075) (25.693035238177924|34.705603866791996) (25.375835238137494|36.375603866796276) (24.3934000001218|36.189000000007354)
C185940137118594013905,Z185940137118594013901,2.25,(24.71060000016223|34.519000000003075) (23.728164762146537|34.332396133214154) (23.410964762106108|36.00239613321843) (24.3934000001218|36.189000000007354)
C185940137118594013906,Z185940137118594013901,2.25,(24.3934000001218|36.189000000007354) (25.375835238137494|36.375603866796276) (25.058635238100095|38.04560386680113) (24.07620000008137|37.85900000001163)
C185940137118594013907,Z185940137118594013901,2.25,(24.3934000001218|36.189000000007354) (23.410964762106108|36.00239613321843) (23.093764762062687|37.67239613322214) (24.07620000008137|37.85900000001163)
C185940137118594013908,Z185940137118594013902,2.25,(24.07620000008137|37.85900000001163) (25.058635238100095|38.04560386680113) (24.741435238056635|39.715603866804834) (23.759000000040942|39.52900000001591)
C185940137918594013840,Z185940137918594013840,2.25,(42.574000000001895|16.790999999969358) (42.434759735167184|17.781258627121296) (40.50033116375841|17.509258627119795) (40.639571428593115|16.518999999967882)
C185940137918594013841,Z185940137918594013840,2.25,(42.574000000001895|16.790999999969358) (42.71324026483661|15.800741372817422) (40.77881169342782|15.528741372815967) (40.639571428593115|16.518999999967882)
C185940137918594013842,Z185940137918594013840,2.25,(40.639571428593115|16.518999999967882) (40.50033116375841|17.509258627119795) (38.56590259234962|17.23725862711832) (38.70514285718433|16.246999999966402)
C185940137918594013843,Z185940137918594013840,2.25,(40.639571428593115|16.518999999967882) (40.77881169342782|15.528741372815967) (38.84438312201903|15.256741372814488) (38.70514285718433|16.246999999966402)
C185940137918594013844,Z185940137918594013841,2.25,(38.70514285718433|16.246999999966402) (38.56590259234962|17.23725862711832) (36.63147402094084|16.965258627116818) (36.77071428577555|15.974999999964925)
C185940137918594013845,Z185940137918594013841,2.25,(38.70514285718433|16.246999999966402) (38.84438312201903|15.256741372814488) (36.90995455061025|14.984741372813032) (36.77071428577555|15.974999999964925)
C185940137918594013846,Z185940137918594013841,2.25,(36.77071428577555|15.974999999964925) (36.63147402094084|16.965258627116818) (34.69704544953206|16.69325862711534) (34.83628571436677|15.702999999963449)
C185940137918594013847,Z185940137918594013841,2.25,(36.77071428577555|15.974999999964925) (36.90995455061025|14.984741372813032) (34.97552597920147|14.712741372811557) (34.83628571436677|15.702999999963449)
C185940137918594013848,Z185940137918594013842,2.25,(34.83628571436677|15.702999999963449) (34.69704544953206|16.69325862711534) (32.762616878123275|16.421258627113865) (32.90185714295798|15.430999999961971)
C185940137918594013849,Z185940137918594013842,2.25,(34.83628571436677|15.702999999963449) (34.97552597920147|14.712741372811557) (33.041097407792684|14.440741372810079) (32.90185714295798|15.430999999961971)
C1859401379185940138410,Z185940137918594013842,2.25,(32.90185714295798|15.430999999961971) (32.762616878123275|16.421258627113865) (30.82818830671449|16.14925862711241) (30.9674285715492|15.158999999960495)
C1859401379185940138411,Z185940137918594013842,2.25,(32.90185714295798|15.430999999961971) (33.041097407792684|14.440741372810079) (31.106668836383907|14.16874137280858) (30.9674285715492|15.158999999960495)
C1859401379185940138412,Z185940137918594013843,2.25,(30.9674285715492|15.158999999960495) (30.82818830671449|16.14925862711241) (28.893759735305707|15.877258627110953) (29.03300000014042|14.886999999959016)
C185940138418594013860,Z185940138418594013860,2.25,(29.03300000014042|14.886999999959016) (30.0177786640321|15.060813069504098) (30.30377866404811|13.44041306951086) (29.319000000157303|13.266599999965933)
C185940138418594013861,Z185940138418594013860,2.25,(29.03300000014042|14.886999999959016) (28.048221336248737|14.713186930413935) (28.334221336266484|13.092786930421004) (29.319000000157303|13.266599999965933)
C185940138418594013862,Z185940138418594013860,2.25,(29.319000000157303|13.266599999965933) (30.30377866404811|13.44041306951086) (30.58977866406588|11.820013069517934) (29.605000000174186|11.64619999997285)
C185940138418594013863,Z185940138418594013860,2.25,(29.319000000157303|13.266599999965933) (28.334221336266484|13.092786930421004) (28.620221336282505|11.472386930427769) (29.605000000174186|11.64619999997285)
C185940138418594013864,Z185940138418594013861,2.25,(29.605000000174186|11.64619999997285) (30.58977866406588|11.820013069517934) (30.875778664082542|10.199613069524812) (29.89100000019107|10.025799999979768)
C185940138418594013865,Z185940138418594013861,2.25,(29.605000000174186|11.64619999997285) (28.620221336282505|11.472386930427769) (28.90622133629961|9.851986930434725) (29.89100000019107|10.025799999979768)
C185940138418594013866,Z185940138418594013861,2.25,(29.89100000019107|10.025799999979768) (30.875778664082542|10.199613069524812) (31.161778664099213|8.579213069531692) (30.177000000207954|8.405399999986685)
C185940138418594013867,Z185940138418594013861,2.25,(29.89100000019107|10.025799999979768) (28.90622133629961|9.851986930434725) (29.192221336316706|8.23158693044168) (30.177000000207954|8.405399999986685)
C185940138418594013868,Z185940138418594013862,2.25,(30.177000000207954|8.405399999986685) (31.161778664099213|8.579213069531692) (31.447778664116203|6.958813069538627) (30.463000000224838|6.784999999993602)
C123428721312342872250,Z123428721312342872250,2.25,(60.45700000015586|6.757999999962294) (61.43617559063811|6.961015179207153) (61.11384225730367|8.515681845875564) (60.13466666682158|8.312666666630738)
C123428721312342872251,Z123428721312342872250,2.25,(60.45700000015586|6.757999999962294) (59.47782440967361|6.5549848207174355) (59.155491076339494|8.109651487385914) (60.13466666682158|8.312666666630738)
C123428721312342872252,Z123428721312342872250,2.25,(60.13466666682158|8.312666666630738) (61.11384225730367|8.515681845875564) (60.79150892396955|10.07034851254404) (59.81233333348731|9.867333333299182)
C123428721312342872253,Z123428721312342872250,2.25,(60.13466666682158|8.312666666630738) (59.155491076339494|8.109651487385914) (58.83315774300507|9.664318154054325) (59.81233333348731|9.867333333299182)
C123428721312342872254,Z123428721312342872251,2.25,(59.81233333348731|9.867333333299182) (60.79150892396955|10.07034851254404) (60.469175590635274|11.625015179212484) (59.49000000015303|11.421999999967626)
C123428721512342872260,Z123428721512342872260,2.25,(55.485000000032876|0.76399999997534) (56.46101660463468|0.9816960898381794) (56.17001660466831|2.2863627564983253) (55.1940000000665|2.0686666666354845)
C123428721512342872261,Z123428721512342872260,2.25,(55.485000000032876|0.76399999997534) (54.50898339543107|0.5463039101125006) (54.21798339546469|1.8509705767726434) (55.1940000000665|2.0686666666354845)
C123428721512342872262,Z123428721512342872260,2.25,(55.1940000000665|2.0686666666354845) (56.17001660466831|2.2863627564983253) (55.879016604701924|3.591029423158464) (54.90300000010014|3.3733333332956286)
C123428721512342872263,Z123428721512342872260,2.25,(55.1940000000665|2.0686666666354845) (54.21798339546469|1.8509705767726434) (53.92698339549836|3.155637243432793) (54.90300000010014|3.3733333332956286)
C123428721518647608570,Z123428721518647608570,2.25,(55.48500000003288|0.76399999997534) (55.515437533237886|1.7635366709246325) (53.761837533265606|1.8169366709233925) (53.7314000000606|0.8173999999741)
C123428721518647608571,Z123428721518647608570,2.25,(55.48500000003288|0.76399999997534) (55.45456246682788|-0.23553667097395253) (53.7009624668556|-0.1821366709751926) (53.7314000000606|0.8173999999741)
C123428721518647608572,Z123428721518647608570,2.25,(53.7314000000606|0.8173999999741) (53.761837533265606|1.8169366709233925) (52.00823753329334|1.8703366709221523) (51.97780000008834|0.87079999997286)
C123428721518647608573,Z123428721518647608570,2.25,(53.7314000000606|0.8173999999741) (53.7009624668556|-0.1821366709751926) (51.947362466883334|-0.1287366709764324) (51.97780000008834|0.87079999997286)
C123428721518647608574,Z123428721518647608571,2.25,(51.97780000008834|0.87079999997286) (52.00823753329334|1.8703366709221523) (50.25463753332107|1.9237366709209125) (50.22420000011607|0.92419999997162)
C123428721518647608575,Z123428721518647608571,2.25,(51.97780000008834|0.87079999997286) (51.947362466883334|-0.1287366709764324) (50.19376246691107|-0.07533667097767255) (50.22420000011607|0.92419999997162)
C123428721518647608576,Z123428721518647608571,2.25,(50.22420000011607|0.92419999997162) (50.25463753332107|1.9237366709209125) (48.50103753334881|1.9771366709196725) (48.470600000143804|0.9775999999703799)
C123428721518647608577,Z123428721518647608571,2.25,(50.22420000011607|0.92419999997162) (50.19376246691107|-0.07533667097767255) (48.4401624669388|-0.02193667097891248) (48.470600000143804|0.9775999999703799)
C123428721518647608578,Z123428721518647608572,2.25,(48.470600000143804|0.9775999999703799) (48.50103753334881|1.9771366709196725) (46.74743753337654|2.0305366709184325) (46.71700000017154|1.03099999996914)
C123428721518647608579,Z123428721518647608572,2.25,(48.470600000143804|0.9775999999703799) (48.4401624669388|-0.02193667097891248) (46.686562466966535|0.03146332901984748) (46.71700000017154|1.03099999996914)
