cellName,zone,surfaceSize,coordinate
C66983958723055430470,Z66983958723055430470,2.25,(110.42999999943959|30.72000000017283) (114.24254896265778|31.23939705429055) (114.54004896275931|29.055647054261755) (110.72749999954112|28.536250000144037)
C66983958723055430471,Z66983958723055430470,2.25,(110.42999999943959|30.72000000017283) (106.6174510362214|30.200602946055113) (106.91495103632293|28.01685294602632) (110.72749999954112|28.536250000144037)
C66983958723055430472,Z66983958723055430470,2.25,(110.72749999954112|28.536250000144037) (114.54004896275931|29.055647054261755) (114.83754896286025|26.87189705423288) (111.02499999964266|26.352500000115242)
C66983958723055430473,Z66983958723055430470,2.25,(110.72749999954112|28.536250000144037) (106.91495103632293|28.01685294602632) (107.2124510364251|25.83310294599761) (111.02499999964266|26.352500000115242)
C66983958723055430474,Z66983958723055430471,2.25,(111.02499999964266|26.352500000115242) (114.83754896286025|26.87189705423288) (115.13504896296179|24.688147054204084) (111.3224999997442|24.168750000086447)
C66983958723055430475,Z66983958723055430471,2.25,(111.02499999964266|26.352500000115242) (107.2124510364251|25.83310294599761) (107.50995103652663|23.649352945968815) (111.3224999997442|24.168750000086447)
C39265813418516152100,Z39265813418516152100,2.25,(104.22000000005482|15.984999999929528) (104.48292166233217|14.347789538167069) (101.26935023371314|13.831718109604394) (101.00642857143579|15.46892857136685)
C39265813418516152101,Z39265813418516152100,2.25,(104.22000000005482|15.984999999929528) (103.95707833777747|17.622210461691985) (100.74350690915844|17.10613903312931) (101.00642857143579|15.46892857136685)
C39265813418516152102,Z39265813418516152100,2.25,(101.00642857143579|15.46892857136685) (101.26935023371314|13.831718109604394) (98.0557788050941|13.315646681041706) (97.79285714281676|14.952857142804175)
C39265813418516152103,Z39265813418516152100,2.25,(101.00642857143579|15.46892857136685) (100.74350690915844|17.10613903312931) (97.52993548053941|16.590067604566645) (97.79285714281676|14.952857142804175)
C39265813418516152104,Z39265813418516152101,2.25,(97.79285714281676|14.952857142804175) (98.0557788050941|13.315646681041706) (94.84220737647507|12.799575252479011) (94.57928571419772|14.436785714241498)
C39265813418516152105,Z39265813418516152101,2.25,(97.79285714281676|14.952857142804175) (97.52993548053941|16.590067604566645) (94.31636405192037|16.073996176003988) (94.57928571419772|14.436785714241498)
C39265813418516152106,Z39265813418516152101,2.25,(94.57928571419772|14.436785714241498) (94.84220737647507|12.799575252479011) (91.62863594785605|12.283503823916355) (91.3657142855787|13.920714285678823)
C39265813418516152107,Z39265813418516152101,2.25,(94.57928571419772|14.436785714241498) (94.31636405192037|16.073996176003988) (91.10279262330135|15.557924747441293) (91.3657142855787|13.920714285678823)
C39265813418516152108,Z39265813418516152102,2.25,(91.3657142855787|13.920714285678823) (91.62863594785605|12.283503823916355) (88.41506451923702|11.767432395353687) (88.15214285695967|13.404642857116146)
C39265813418516152109,Z39265813418516152102,2.25,(91.3657142855787|13.920714285678823) (91.10279262330135|15.557924747441293) (87.88922119468232|15.041853318878603) (88.15214285695967|13.404642857116146)
C392658134185161521010,Z39265813418516152102,2.25,(88.15214285695967|13.404642857116146) (88.41506451923702|11.767432395353687) (85.20149309061799|11.251360966791012) (84.93857142834064|12.88857142855347)
C392658134185161521011,Z39265813418516152102,2.25,(88.15214285695967|13.404642857116146) (87.88922119468232|15.041853318878603) (84.67564976606329|14.525781890315928) (84.93857142834064|12.88857142855347)
C392658134185161521012,Z39265813418516152103,2.25,(84.93857142834064|12.88857142855347) (85.20149309061799|11.251360966791012) (81.98792166199895|10.735289538228326) (81.7249999997216|12.372499999990794)
C392658134185161521013,Z39265813418516152103,2.25,(84.93857142834064|12.88857142855347) (84.67564976606329|14.525781890315928) (81.46207833744425|14.009710461753263) (81.7249999997216|12.372499999990794)
C392658134185161521014,Z39265813418516152103,2.25,(81.7249999997216|12.372499999990794) (81.98792166199895|10.735289538228326) (78.77435023337992|10.219218109665658) (78.51142857110257|11.856428571428117)
C392658134185161521015,Z39265813418516152103,2.25,(81.7249999997216|12.372499999990794) (81.46207833744425|14.009710461753263) (78.24850690882522|13.493639033190574) (78.51142857110257|11.856428571428117)
C392658134185161521016,Z39265813418516152104,2.25,(78.51142857110257|11.856428571428117) (78.77435023337992|10.219218109665658) (75.56077880476089|9.703146681102979) (75.29785714248354|11.340357142865441)
C392658134185161521017,Z39265813418516152104,2.25,(78.51142857110257|11.856428571428117) (78.24850690882522|13.493639033190574) (75.03493548020619|12.977567604627907) (75.29785714248354|11.340357142865441)
C392658134185161521018,Z39265813418516152104,2.25,(75.29785714248354|11.340357142865441) (75.56077880476089|9.703146681102979) (72.34720737614185|9.187075252540296) (72.0842857138645|10.824285714302764)
C392658134185161521019,Z39265813418516152104,2.25,(75.29785714248354|11.340357142865441) (75.03493548020619|12.977567604627907) (71.82136405158715|12.461496176065234) (72.0842857138645|10.824285714302764)
C392658134185161521020,Z39265813418516152105,2.25,(72.0842857138645|10.824285714302764) (72.34720737614185|9.187075252540296) (69.13363594752283|8.671003823977626) (68.87071428524548|10.308214285740089)
C392658134185161521021,Z39265813418516152105,2.25,(72.0842857138645|10.824285714302764) (71.82136405158715|12.461496176065234) (68.60779262296813|11.945424747502553) (68.87071428524548|10.308214285740089)
C392658134185161521022,Z39265813418516152105,2.25,(68.87071428524548|10.308214285740089) (69.13363594752283|8.671003823977626) (65.9200645189038|8.15493239541495) (65.65714285662645|9.792142857177412)
C392658134185161521023,Z39265813418516152105,2.25,(68.87071428524548|10.308214285740089) (68.60779262296813|11.945424747502553) (65.3942211943491|11.429353318939876) (65.65714285662645|9.792142857177412)
C392658134185161521024,Z39265813418516152106,2.25,(65.65714285662645|9.792142857177412) (65.9200645189038|8.15493239541495) (62.706493090284766|7.6388609668522784) (62.44357142800742|9.276071428614737)
C392658134185161521025,Z39265813418516152106,2.25,(65.65714285662645|9.792142857177412) (65.3942211943491|11.429353318939876) (62.18064976573007|10.913281890377196) (62.44357142800742|9.276071428614737)
C392658134185161521026,Z39265813418516152106,2.25,(62.44357142800742|9.276071428614737) (62.706493090284766|7.6388609668522784) (59.49292166166573|7.122789538289599) (59.22999999938838|8.76000000005206)
C392658134185161521027,Z39265813418516152106,2.25,(62.44357142800742|9.276071428614737) (62.18064976573007|10.913281890377196) (58.96707833711103|10.39721046181452) (59.22999999938838|8.76000000005206)
C3926581343055430480,Z3926581343055430480,2.25,(104.22000000005482|15.984999999929528) (107.25166262897214|16.601712840674686) (106.74666262910995|19.084212840730743) (103.71500000019296|18.467499999985648)
C3926581343055430481,Z3926581343055430480,2.25,(104.22000000005482|15.984999999929528) (101.18833737113751|15.36828715918437) (100.68333737127598|17.850787159240557) (103.71500000019296|18.467499999985648)
C3926581343055430482,Z3926581343055430480,2.25,(103.71500000019296|18.467499999985648) (106.74666262910995|19.084212840730743) (106.24166262924808|21.566712840786863) (103.21000000033109|20.95000000004177)
C3926581343055430483,Z3926581343055430480,2.25,(103.71500000019296|18.467499999985648) (100.68333737127598|17.850787159240557) (100.17833737141412|20.333287159296678) (103.21000000033109|20.95000000004177)
C18033620293055430470,Z18033620293055430470,2.25,(113.47500000056243|10.364999999978863) (116.96127019622045|10.92154313383432) (116.59027019607689|13.24554313385004) (113.10400000041909|12.688999999994621)
C18033620293055430471,Z18033620293055430470,2.25,(113.47500000056243|10.364999999978863) (109.98872980490441|9.808456866123407) (109.61772980476131|12.132456866139204) (113.10400000041909|12.688999999994621)
C18033620293055430472,Z18033620293055430470,2.25,(113.10400000041909|12.688999999994621) (116.59027019607689|13.24554313385004) (116.21927019593329|15.569543133865757) (112.73300000027575|15.01300000001038)
C18033620293055430473,Z18033620293055430470,2.25,(113.10400000041909|12.688999999994621) (109.61772980476131|12.132456866139204) (109.2467298046182|14.456456866154998) (112.73300000027575|15.01300000001038)
C18033620293055430474,Z18033620293055430471,2.25,(112.73300000027575|15.01300000001038) (116.21927019593329|15.569543133865757) (115.84827019579019|17.893543133881554) (112.36200000013241|17.337000000026137)
C18033620293055430475,Z18033620293055430471,2.25,(112.73300000027575|15.01300000001038) (109.2467298046182|14.456456866154998) (108.8757298044746|16.780456866170717) (112.36200000013241|17.337000000026137)
C18033620293055430476,Z18033620293055430471,2.25,(112.36200000013241|17.337000000026137) (115.84827019579019|17.893543133881554) (115.47727019564638|20.217543133897237) (111.99099999998907|19.661000000041895)
C18033620293055430477,Z18033620293055430471,2.25,(112.36200000013241|17.337000000026137) (108.8757298044746|16.780456866170717) (108.50472980433173|19.10445686618655) (111.99099999998907|19.661000000041895)
C182413698618516152100,Z182413698618516152100,2.25,(0.0|0.0) (0.24032992257544983|-1.6249704696246927) (3.357698343595891|-1.1639178380430053) (3.117368421020441|0.46105263158168736)
C182413698618516152101,Z182413698618516152100,2.25,(0.0|0.0) (-0.24032992257544983|1.6249704696246927) (2.8770384984449913|2.08602310120638) (3.117368421020441|0.46105263158168736)
C182413698618516152102,Z182413698618516152100,2.25,(3.117368421020441|0.46105263158168736) (3.357698343595891|-1.1639178380430053) (6.475066764616332|-0.7028652064613183) (6.234736842040882|0.9221052631633747)
C182413698618516152103,Z182413698618516152100,2.25,(3.117368421020441|0.46105263158168736) (2.8770384984449913|2.08602310120638) (5.994406919465432|2.5470757327880675) (6.234736842040882|0.9221052631633747)
C182413698618516152104,Z182413698618516152101,2.25,(6.234736842040882|0.9221052631633747) (6.475066764616332|-0.7028652064613183) (9.592435185636774|-0.24181257487963068) (9.352105263061324|1.383157894745062)
C182413698618516152105,Z182413698618516152101,2.25,(6.234736842040882|0.9221052631633747) (5.994406919465432|2.5470757327880675) (9.111775340485874|3.0081283643697545) (9.352105263061324|1.383157894745062)
C182413698618516152106,Z182413698618516152101,2.25,(9.352105263061324|1.383157894745062) (9.592435185636774|-0.24181257487963068) (12.709803606657214|0.21924005670205665) (12.469473684081764|1.8442105263267494)
C182413698618516152107,Z182413698618516152101,2.25,(9.352105263061324|1.383157894745062) (9.111775340485874|3.0081283643697545) (12.229143761506315|3.4691809959514424) (12.469473684081764|1.8442105263267494)
C182413698618516152108,Z182413698618516152102,2.25,(12.469473684081764|1.8442105263267494) (12.709803606657214|0.21924005670205665) (15.827172027677657|0.6802926882837437) (15.586842105102207|2.3052631579084366)
C182413698618516152109,Z182413698618516152102,2.25,(12.469473684081764|1.8442105263267494) (12.229143761506315|3.4691809959514424) (15.346512182526757|3.9302336275331298) (15.586842105102207|2.3052631579084366)
C1824136986185161521010,Z182413698618516152102,2.25,(15.586842105102207|2.3052631579084366) (15.827172027677657|0.6802926882837437) (18.9445404486981|1.1413453198654313) (18.704210526122647|2.766315789490124)
C1824136986185161521011,Z182413698618516152102,2.25,(15.586842105102207|2.3052631579084366) (15.346512182526757|3.9302336275331298) (18.463880603547196|4.391286259114817) (18.704210526122647|2.766315789490124)
C1824136986185161521012,Z182413698618516152103,2.25,(18.704210526122647|2.766315789490124) (18.9445404486981|1.1413453198654313) (22.06190886971854|1.6023979514471183) (21.821578947143088|3.2273684210718114)
C1824136986185161521013,Z182413698618516152103,2.25,(18.704210526122647|2.766315789490124) (18.463880603547196|4.391286259114817) (21.581249024567636|4.852338890696505) (21.821578947143088|3.2273684210718114)
C1824136986185161521014,Z182413698618516152103,2.25,(21.821578947143088|3.2273684210718114) (22.06190886971854|1.6023979514471183) (25.17927729073898|2.0634505830288057) (24.93894736816353|3.688421052653499)
C1824136986185161521015,Z182413698618516152103,2.25,(21.821578947143088|3.2273684210718114) (21.581249024567636|4.852338890696505) (24.698617445588077|5.313391522278192) (24.93894736816353|3.688421052653499)
C1824136986185161521016,Z182413698618516152104,2.25,(24.93894736816353|3.688421052653499) (25.17927729073898|2.0634505830288057) (28.296645711759417|2.524503214610494) (28.05631578918397|4.149473684235186)
C1824136986185161521017,Z182413698618516152104,2.25,(24.93894736816353|3.688421052653499) (24.698617445588077|5.313391522278192) (27.81598586660852|5.7744441538598785) (28.05631578918397|4.149473684235186)
C1824136986185161521018,Z182413698618516152104,2.25,(28.05631578918397|4.149473684235186) (28.296645711759417|2.524503214610494) (31.414014132779865|2.985555846192179) (31.173684210204414|4.610526315816873)
C1824136986185161521019,Z182413698618516152104,2.25,(28.05631578918397|4.149473684235186) (27.81598586660852|5.7744441538598785) (30.933354287628962|6.235496785441567) (31.173684210204414|4.610526315816873)
C1824136986185161521020,Z182413698618516152105,2.25,(31.173684210204414|4.610526315816873) (31.414014132779865|2.985555846192179) (34.5313825538003|3.446608477773867) (34.29105263122485|5.071578947398561)
C1824136986185161521021,Z182413698618516152105,2.25,(31.173684210204414|4.610526315816873) (30.933354287628962|6.235496785441567) (34.0507227086494|6.696549417023255) (34.29105263122485|5.071578947398561)
C1824136986185161521022,Z182413698618516152105,2.25,(34.29105263122485|5.071578947398561) (34.5313825538003|3.446608477773867) (37.64875097482074|3.907661109355556) (37.408421052245295|5.532631578980248)
C1824136986185161521023,Z182413698618516152105,2.25,(34.29105263122485|5.071578947398561) (34.0507227086494|6.696549417023255) (37.16809112966985|7.157602048604939) (37.408421052245295|5.532631578980248)
C1824136986185161521024,Z182413698618516152106,2.25,(37.408421052245295|5.532631578980248) (37.64875097482074|3.907661109355556) (40.76611939584119|4.368713740937243) (40.52578947326574|5.993684210561935)
C1824136986185161521025,Z182413698618516152106,2.25,(37.408421052245295|5.532631578980248) (37.16809112966985|7.157602048604939) (40.28545955069029|7.618654680186626) (40.52578947326574|5.993684210561935)
C1824136986185161521026,Z182413698618516152106,2.25,(40.52578947326574|5.993684210561935) (40.76611939584119|4.368713740937243) (43.883487816861624|4.829766372518929) (43.643157894286176|6.454736842143623)
C1824136986185161521027,Z182413698618516152106,2.25,(40.52578947326574|5.993684210561935) (40.28545955069029|7.618654680186626) (43.40282797171073|8.079707311768317) (43.643157894286176|6.454736842143623)
C1824136986185161521028,Z182413698618516152107,2.25,(43.643157894286176|6.454736842143623) (43.883487816861624|4.829766372518929) (47.00085623788207|5.290819004100619) (46.76052631530662|6.91578947372531)
C1824136986185161521029,Z182413698618516152107,2.25,(43.643157894286176|6.454736842143623) (43.40282797171073|8.079707311768317) (46.52019639273117|8.540759943349999) (46.76052631530662|6.91578947372531)
C1824136986185161521030,Z182413698618516152107,2.25,(46.76052631530662|6.91578947372531) (47.00085623788207|5.290819004100619) (50.118224658902506|5.751871635682305) (49.87789473632706|7.376842105306998)
C1824136986185161521031,Z182413698618516152107,2.25,(46.76052631530662|6.91578947372531) (46.52019639273117|8.540759943349999) (49.63756481375161|9.001812574931689) (49.87789473632706|7.376842105306998)
C1824136986185161521032,Z182413698618516152108,2.25,(49.87789473632706|7.376842105306998) (50.118224658902506|5.751871635682305) (53.23559307992295|6.212924267263996) (52.9952631573475|7.837894736888685)
C1824136986185161521033,Z182413698618516152108,2.25,(49.87789473632706|7.376842105306998) (49.63756481375161|9.001812574931689) (52.754933234772054|9.462865206513372) (52.9952631573475|7.837894736888685)
C1824136986185161521034,Z182413698618516152108,2.25,(52.9952631573475|7.837894736888685) (53.23559307992295|6.212924267263996) (56.35296150094339|6.6739768988456865) (56.11263157836794|8.298947368470373)
C1824136986185161521035,Z182413698618516152108,2.25,(52.9952631573475|7.837894736888685) (52.754933234772054|9.462865206513372) (55.87230165579249|9.923917838095058) (56.11263157836794|8.298947368470373)
C1824136986185161521036,Z182413698618516152109,2.25,(56.11263157836794|8.298947368470373) (56.35296150094339|6.6739768988456865) (59.47032992196383|7.135029530427365) (59.22999999938838|8.76000000005206)
C3055430473055430480,Z3055430473055430480,2.25,(111.61999999984573|21.985000000057653) (111.81712994390075|20.383200164906356) (109.0137966107292|20.03820016490108) (108.81666666667418|21.640000000052357)
C3055430473055430481,Z3055430473055430480,2.25,(111.61999999984573|21.985000000057653) (111.42287005579071|23.586799835208954) (108.61953672261916|23.24179983520363) (108.81666666667418|21.640000000052357)
C3055430473055430482,Z3055430473055430480,2.25,(108.81666666667418|21.640000000052357) (109.0137966107292|20.03820016490108) (106.21046327755766|19.693200164895767) (106.01333333350264|21.295000000047065)
C3055430473055430483,Z3055430473055430480,2.25,(108.81666666667418|21.640000000052357) (108.61953672261916|23.24179983520363) (105.81620338944762|22.89679983519836) (106.01333333350264|21.295000000047065)
C3055430473055430484,Z3055430473055430481,2.25,(106.01333333350264|21.295000000047065) (106.21046327755766|19.693200164895767) (103.40712994438611|19.34820016489047) (103.21000000033109|20.95000000004177)
