cellName,zone,surfaceSize,coordinate
C39265813418516152100,Z39265813418516152100,2.25,(89.98000000133288|14.449999999754937) (90.24292166361023|12.812789537992478) (88.63613594930072|12.55475382371113) (88.37321428702337|14.191964285473599)
C39265813418516152101,Z39265813418516152100,2.25,(89.98000000133288|14.449999999754937) (89.71707833905553|16.087210461517394) (88.11029262474602|15.829174747236069) (88.37321428702337|14.191964285473599)
C39265813418516152102,Z39265813418516152100,2.25,(88.37321428702337|14.191964285473599) (88.63613594930072|12.55475382371113) (87.0293502349912|12.296718109429781) (86.76642857271385|13.93392857119226)
C39265813418516152103,Z39265813418516152100,2.25,(88.37321428702337|14.191964285473599) (88.11029262474602|15.829174747236069) (86.5035069104365|15.571139032954742) (86.76642857271385|13.93392857119226)
C39265813418516152104,Z39265813418516152101,2.25,(86.76642857271385|13.93392857119226) (87.0293502349912|12.296718109429781) (85.42256452068169|12.038682395148454) (85.15964285840434|13.675892856910922)
C39265813418516152105,Z39265813418516152101,2.25,(86.76642857271385|13.93392857119226) (86.5035069104365|15.571139032954742) (84.89672119612699|15.313103318673392) (85.15964285840434|13.675892856910922)
C39265813418516152106,Z39265813418516152101,2.25,(85.15964285840434|13.675892856910922) (85.42256452068169|12.038682395148454) (83.81577880637217|11.780646680867116) (83.55285714409482|13.417857142629584)
C39265813418516152107,Z39265813418516152101,2.25,(85.15964285840434|13.675892856910922) (84.89672119612699|15.313103318673392) (83.28993548181747|15.055067604392054) (83.55285714409482|13.417857142629584)
C39265813418516152108,Z39265813418516152102,2.25,(83.55285714409482|13.417857142629584) (83.81577880637217|11.780646680867116) (82.20899309206266|11.522610966585779) (81.9460714297853|13.159821428348247)
C39265813418516152109,Z39265813418516152102,2.25,(83.55285714409482|13.417857142629584) (83.28993548181747|15.055067604392054) (81.68314976750796|14.797031890110716) (81.9460714297853|13.159821428348247)
C392658134185161521010,Z39265813418516152102,2.25,(81.9460714297853|13.159821428348247) (82.20899309206266|11.522610966585779) (80.60220737775313|11.264575252304448) (80.33928571547578|12.901785714066907)
C392658134185161521011,Z39265813418516152102,2.25,(81.9460714297853|13.159821428348247) (81.68314976750796|14.797031890110716) (80.07636405319843|14.538996175829364) (80.33928571547578|12.901785714066907)
C392658134185161521012,Z39265813418516152103,2.25,(80.33928571547578|12.901785714066907) (80.60220737775313|11.264575252304448) (78.99542166344362|11.00653953802311) (78.73250000116627|12.64374999978557)
C392658134185161521013,Z39265813418516152103,2.25,(80.33928571547578|12.901785714066907) (80.07636405319843|14.538996175829364) (78.46957833888892|14.280960461548027) (78.73250000116627|12.64374999978557)
C392658134185161521014,Z39265813418516152103,2.25,(78.73250000116627|12.64374999978557) (78.99542166344362|11.00653953802311) (77.38863594913411|10.748503823741782) (77.12571428685676|12.385714285504232)
C392658134185161521015,Z39265813418516152103,2.25,(78.73250000116627|12.64374999978557) (78.46957833888892|14.280960461548027) (76.86279262457941|14.022924747266678) (77.12571428685676|12.385714285504232)
C392658134185161521016,Z39265813418516152104,2.25,(77.12571428685676|12.385714285504232) (77.38863594913411|10.748503823741782) (75.78185023482459|10.490468109460434) (75.51892857254724|12.127678571222893)
C392658134185161521017,Z39265813418516152104,2.25,(77.12571428685676|12.385714285504232) (76.86279262457941|14.022924747266678) (75.25600691026989|13.764889032985351) (75.51892857254724|12.127678571222893)
C392658134185161521018,Z39265813418516152104,2.25,(75.51892857254724|12.127678571222893) (75.78185023482459|10.490468109460434) (74.17506452051508|10.232432395179096) (73.91214285823773|11.869642856941555)
C392658134185161521019,Z39265813418516152104,2.25,(75.51892857254724|12.127678571222893) (75.25600691026989|13.764889032985351) (73.64922119596038|13.506853318704014) (73.91214285823773|11.869642856941555)
C392658134185161521020,Z39265813418516152105,2.25,(73.91214285823773|11.869642856941555) (74.17506452051508|10.232432395179096) (72.56827880620556|9.97439668089775) (72.3053571439282|11.611607142660217)
C392658134185161521021,Z39265813418516152105,2.25,(73.91214285823773|11.869642856941555) (73.64922119596038|13.506853318704014) (72.04243548165086|13.248817604422687) (72.3053571439282|11.611607142660217)
C392658134185161521022,Z39265813418516152105,2.25,(72.3053571439282|11.611607142660217) (72.56827880620556|9.97439668089775) (70.96149309189605|9.716360966616412) (70.6985714296187|11.35357142837888)
C392658134185161521023,Z39265813418516152105,2.25,(72.3053571439282|11.611607142660217) (72.04243548165086|13.248817604422687) (70.43564976734135|12.99078189014135) (70.6985714296187|11.35357142837888)
C392658134185161521024,Z39265813418516152106,2.25,(70.6985714296187|11.35357142837888) (70.96149309189605|9.716360966616412) (69.35470737758652|9.458325252335086) (69.09178571530917|11.09553571409754)
C392658134185161521025,Z39265813418516152106,2.25,(70.6985714296187|11.35357142837888) (70.43564976734135|12.99078189014135) (68.82886405303182|12.732746175859992) (69.09178571530917|11.09553571409754)
C392658134185161521026,Z39265813418516152106,2.25,(69.09178571530917|11.09553571409754) (69.35470737758652|9.458325252335086) (67.74792166327701|9.20028953805374) (67.48500000099966|10.837499999816202)
C392658134185161521027,Z39265813418516152106,2.25,(69.09178571530917|11.09553571409754) (68.82886405303182|12.732746175859992) (67.22207833872231|12.474710461578665) (67.48500000099966|10.837499999816202)
C392658134185161521028,Z39265813418516152107,2.25,(67.48500000099966|10.837499999816202) (67.74792166327701|9.20028953805374) (66.1411359489675|8.942253823772408) (65.87821428669015|10.579464285534865)
C392658134185161521029,Z39265813418516152107,2.25,(67.48500000099966|10.837499999816202) (67.22207833872231|12.474710461578665) (65.6152926244128|12.216674747297324) (65.87821428669015|10.579464285534865)
C392658134185161521030,Z39265813418516152107,2.25,(65.87821428669015|10.579464285534865) (66.1411359489675|8.942253823772408) (64.53435023465798|8.684218109491068) (64.27142857238063|10.321428571253525)
C392658134185161521031,Z39265813418516152107,2.25,(65.87821428669015|10.579464285534865) (65.6152926244128|12.216674747297324) (64.00850691010328|11.958639033015984) (64.27142857238063|10.321428571253525)
C392658134185161521032,Z39265813418516152108,2.25,(64.27142857238063|10.321428571253525) (64.53435023465798|8.684218109491068) (62.92756452034846|8.42618239520973) (62.66464285807111|10.063392856972188)
C392658134185161521033,Z39265813418516152108,2.25,(64.27142857238063|10.321428571253525) (64.00850691010328|11.958639033015984) (62.40172119579376|11.700603318734647) (62.66464285807111|10.063392856972188)
C392658134185161521034,Z39265813418516152108,2.25,(62.66464285807111|10.063392856972188) (62.92756452034846|8.42618239520973) (61.32077880603895|8.16814668092838) (61.0578571437616|9.80535714269085)
C392658134185161521035,Z39265813418516152108,2.25,(62.66464285807111|10.063392856972188) (62.40172119579376|11.700603318734647) (60.79493548148425|11.44256760445332) (61.0578571437616|9.80535714269085)
C392658134185161521036,Z39265813418516152109,2.25,(61.0578571437616|9.80535714269085) (61.32077880603895|8.16814668092838) (59.713993091729435|7.910110966647049) (59.451071429452085|9.547321428409512)
C392658134185161521037,Z39265813418516152109,2.25,(61.0578571437616|9.80535714269085) (60.79493548148425|11.44256760445332) (59.188149767174735|11.184531890171977) (59.451071429452085|9.547321428409512)
C392658134185161521038,Z39265813418516152109,2.25,(59.451071429452085|9.547321428409512) (59.713993091729435|7.910110966647049) (58.10720737741992|7.652075252365704) (57.84428571514257|9.289285714128173)
C392658134185161521039,Z39265813418516152109,2.25,(59.451071429452085|9.547321428409512) (59.188149767174735|11.184531890171977) (57.58136405286522|10.926496175890643) (57.84428571514257|9.289285714128173)
C392658134185161521040,Z392658134185161521010,2.25,(57.84428571514257|9.289285714128173) (58.10720737741992|7.652075252365704) (56.5004216631104|7.394039538084372) (56.23750000083305|9.031249999846835)
C392658134185161521041,Z392658134185161521010,2.25,(57.84428571514257|9.289285714128173) (57.58136405286522|10.926496175890643) (55.9745783385557|10.6684604616093) (56.23750000083305|9.031249999846835)
C392658134185161521042,Z392658134185161521010,2.25,(56.23750000083305|9.031249999846835) (56.5004216631104|7.394039538084372) (54.893635948800885|7.136003823803034) (54.630714286523535|8.773214285565498)
C392658134185161521043,Z392658134185161521010,2.25,(56.23750000083305|9.031249999846835) (55.9745783385557|10.6684604616093) (54.367792624246185|10.410424747327962) (54.630714286523535|8.773214285565498)
C392658134185161521044,Z392658134185161521011,2.25,(54.630714286523535|8.773214285565498) (54.893635948800885|7.136003823803034) (53.28685023449137|6.877968109521695) (53.02392857221402|8.515178571284158)
C392658134185161521045,Z392658134185161521011,2.25,(54.630714286523535|8.773214285565498) (54.367792624246185|10.410424747327962) (52.76100690993667|10.152389033046623) (53.02392857221402|8.515178571284158)
C392658134185161521046,Z392658134185161521011,2.25,(53.02392857221402|8.515178571284158) (53.28685023449137|6.877968109521695) (51.68006452018185|6.61993239524036) (51.4171428579045|8.25714285700282)
C392658134185161521047,Z392658134185161521011,2.25,(53.02392857221402|8.515178571284158) (52.76100690993667|10.152389033046623) (51.15422119562715|9.894353318765281) (51.4171428579045|8.25714285700282)
C392658134185161521048,Z392658134185161521012,2.25,(51.4171428579045|8.25714285700282) (51.68006452018185|6.61993239524036) (50.07327880587234|6.361896680959022) (49.81035714359499|7.999107142721483)
C392658134185161521049,Z392658134185161521012,2.25,(51.4171428579045|8.25714285700282) (51.15422119562715|9.894353318765281) (49.54743548131764|9.636317604483944) (49.81035714359499|7.999107142721483)
C392658134185161521050,Z392658134185161521012,2.25,(49.81035714359499|7.999107142721483) (50.07327880587234|6.361896680959022) (48.466493091562825|6.103860966677688) (48.203571429285475|7.7410714284401445)
C392658134185161521051,Z392658134185161521012,2.25,(49.81035714359499|7.999107142721483) (49.54743548131764|9.636317604483944) (47.940649767008125|9.378281890202599) (48.203571429285475|7.7410714284401445)
C392658134185161521052,Z392658134185161521013,2.25,(48.203571429285475|7.7410714284401445) (48.466493091562825|6.103860966677688) (46.85970737725331|5.845825252396346) (46.59678571497596|7.483035714158807)
C392658134185161521053,Z392658134185161521013,2.25,(48.203571429285475|7.7410714284401445) (47.940649767008125|9.378281890202599) (46.33386405269861|9.120246175921269) (46.59678571497596|7.483035714158807)
C392658134185161521054,Z392658134185161521013,2.25,(46.59678571497596|7.483035714158807) (46.85970737725331|5.845825252396346) (45.25292166294379|5.587789538115008) (44.99000000066644|7.224999999877468)
C392658134185161521055,Z392658134185161521013,2.25,(46.59678571497596|7.483035714158807) (46.33386405269861|9.120246175921269) (44.72707833838909|8.862210461639929) (44.99000000066644|7.224999999877468)
C392658134185161521056,Z392658134185161521014,2.25,(44.99000000066644|7.224999999877468) (45.25292166294379|5.587789538115008) (43.646135948634274|5.329753823833664) (43.383214286356925|6.96696428559613)
C392658134185161521057,Z392658134185161521014,2.25,(44.99000000066644|7.224999999877468) (44.72707833838909|8.862210461639929) (43.120292624079575|8.604174747358597) (43.383214286356925|6.96696428559613)
C392658134185161521058,Z392658134185161521014,2.25,(43.383214286356925|6.96696428559613) (43.646135948634274|5.329753823833664) (42.03935023432476|5.071718109552331) (41.77642857204741|6.708928571314792)
C392658134185161521059,Z392658134185161521014,2.25,(43.383214286356925|6.96696428559613) (43.120292624079575|8.604174747358597) (41.51350690977006|8.346139033077254) (41.77642857204741|6.708928571314792)
C392658134185161521060,Z392658134185161521015,2.25,(41.77642857204741|6.708928571314792) (42.03935023432476|5.071718109552331) (40.43256452001524|4.813682395270993) (40.16964285773789|6.450892857033454)
C392658134185161521061,Z392658134185161521015,2.25,(41.77642857204741|6.708928571314792) (41.51350690977006|8.346139033077254) (39.90672119546054|8.088103318795914) (40.16964285773789|6.450892857033454)
C392658134185161521062,Z392658134185161521015,2.25,(40.16964285773789|6.450892857033454) (40.43256452001524|4.813682395270993) (38.82577880570573|4.555646680989657) (38.56285714342838|6.192857142752116)
C392658134185161521063,Z392658134185161521015,2.25,(40.16964285773789|6.450892857033454) (39.90672119546054|8.088103318795914) (38.29993548115103|7.830067604514574) (38.56285714342838|6.192857142752116)
C392658134185161521064,Z392658134185161521016,2.25,(38.56285714342838|6.192857142752116) (38.82577880570573|4.555646680989657) (37.218993091396214|4.297610966708317) (36.956071429118865|5.934821428470777)
C392658134185161521065,Z392658134185161521016,2.25,(38.56285714342838|6.192857142752116) (38.29993548115103|7.830067604514574) (36.693149766841515|7.572031890233237) (36.956071429118865|5.934821428470777)
C392658134185161521066,Z392658134185161521016,2.25,(36.956071429118865|5.934821428470777) (37.218993091396214|4.297610966708317) (35.6122073770867|4.039575252426976) (35.34928571480935|5.67678571418944)
C392658134185161521067,Z392658134185161521016,2.25,(36.956071429118865|5.934821428470777) (36.693149766841515|7.572031890233237) (35.086364052532|7.313996175951904) (35.34928571480935|5.67678571418944)
C392658134185161521068,Z392658134185161521017,2.25,(35.34928571480935|5.67678571418944) (35.6122073770867|4.039575252426976) (34.00542166277718|3.7815395381456405) (33.74250000049983|5.418749999908101)
C392658134185161521069,Z392658134185161521017,2.25,(35.34928571480935|5.67678571418944) (35.086364052532|7.313996175951904) (33.47957833822248|7.055960461670563) (33.74250000049983|5.418749999908101)
C392658134185161521070,Z392658134185161521017,2.25,(33.74250000049983|5.418749999908101) (34.00542166277718|3.7815395381456405) (32.398635948467664|3.5235038238643006) (32.135714286190314|5.160714285626763)
C392658134185161521071,Z392658134185161521017,2.25,(33.74250000049983|5.418749999908101) (33.47957833822248|7.055960461670563) (31.872792623912964|6.797924747389225) (32.135714286190314|5.160714285626763)
C392658134185161521072,Z392658134185161521018,2.25,(32.135714286190314|5.160714285626763) (32.398635948467664|3.5235038238643006) (30.79185023415815|3.2654681095829616) (30.5289285718808|4.902678571345425)
C392658134185161521073,Z392658134185161521018,2.25,(32.135714286190314|5.160714285626763) (31.872792623912964|6.797924747389225) (30.26600690960345|6.539889033107889) (30.5289285718808|4.902678571345425)
C392658134185161521074,Z392658134185161521018,2.25,(30.5289285718808|4.902678571345425) (30.79185023415815|3.2654681095829616) (29.185064519848634|3.007432395301623) (28.922142857571284|4.6446428570640865)
C392658134185161521075,Z392658134185161521018,2.25,(30.5289285718808|4.902678571345425) (30.26600690960345|6.539889033107889) (28.659221195293934|6.28185331882655) (28.922142857571284|4.6446428570640865)
C392658134185161521076,Z392658134185161521019,2.25,(28.922142857571284|4.6446428570640865) (29.185064519848634|3.007432395301623) (27.578278805539117|2.7493966810202863) (27.315357143261767|4.386607142782749)
C392658134185161521077,Z392658134185161521019,2.25,(28.922142857571284|4.6446428570640865) (28.659221195293934|6.28185331882655) (27.052435480984418|6.023817604545211) (27.315357143261767|4.386607142782749)
C392658134185161521078,Z392658134185161521019,2.25,(27.315357143261767|4.386607142782749) (27.578278805539117|2.7493966810202863) (25.9714930912296|2.4913609667389487) (25.70857142895225|4.12857142850141)
C392658134185161521079,Z392658134185161521019,2.25,(27.315357143261767|4.386607142782749) (27.052435480984418|6.023817604545211) (25.4456497666749|5.765781890263872) (25.70857142895225|4.12857142850141)
C392658134185161521080,Z392658134185161521020,2.25,(25.70857142895225|4.12857142850141) (25.9714930912296|2.4913609667389487) (24.364707376920087|2.2333252524576115) (24.101785714642737|3.8705357142200723)
C392658134185161521081,Z392658134185161521020,2.25,(25.70857142895225|4.12857142850141) (25.4456497666749|5.765781890263872) (23.838864052365388|5.507746175982533) (24.101785714642737|3.8705357142200723)
C392658134185161521082,Z392658134185161521020,2.25,(24.101785714642737|3.8705357142200723) (24.364707376920087|2.2333252524576115) (22.75792166261057|1.9752895381762725) (22.49500000033322|3.612499999938734)
C392658134185161521083,Z392658134185161521020,2.25,(24.101785714642737|3.8705357142200723) (23.838864052365388|5.507746175982533) (22.23207833805587|5.249710461701196) (22.49500000033322|3.612499999938734)
C392658134185161521084,Z392658134185161521021,2.25,(22.49500000033322|3.612499999938734) (22.75792166261057|1.9752895381762725) (21.151135948301054|1.7172538238949342) (20.888214286023704|3.354464285657396)
C392658134185161521085,Z392658134185161521021,2.25,(22.49500000033322|3.612499999938734) (22.23207833805587|5.249710461701196) (20.625292623746354|4.991674747419858) (20.888214286023704|3.354464285657396)
C392658134185161521086,Z392658134185161521021,2.25,(20.888214286023704|3.354464285657396) (21.151135948301054|1.7172538238949342) (19.54435023399154|1.4592181096135965) (19.28142857171419|3.096428571376058)
C392658134185161521087,Z392658134185161521021,2.25,(20.888214286023704|3.354464285657396) (20.625292623746354|4.991674747419858) (19.01850690943684|4.733639033138519) (19.28142857171419|3.096428571376058)
C392658134185161521088,Z392658134185161521022,2.25,(19.28142857171419|3.096428571376058) (19.54435023399154|1.4592181096135965) (17.937564519682024|1.2011823953322576) (17.674642857404674|2.83839285709472)
C392658134185161521089,Z392658134185161521022,2.25,(19.28142857171419|3.096428571376058) (19.01850690943684|4.733639033138519) (17.411721195127324|4.475603318857182) (17.674642857404674|2.83839285709472)
C392658134185161521090,Z392658134185161521022,2.25,(17.674642857404674|2.83839285709472) (17.937564519682024|1.2011823953322576) (16.330778805372507|0.9431466810509195) (16.067857143095157|2.5803571428133814)
C392658134185161521091,Z392658134185161521022,2.25,(17.674642857404674|2.83839285709472) (17.411721195127324|4.475603318857182) (15.804935480817807|4.2175676045758435) (16.067857143095157|2.5803571428133814)
C392658134185161521092,Z392658134185161521023,2.25,(16.067857143095157|2.5803571428133814) (16.330778805372507|0.9431466810509195) (14.723993091062992|0.6851109667695814) (14.461071428785642|2.3223214285320433)
C392658134185161521093,Z392658134185161521023,2.25,(16.067857143095157|2.5803571428133814) (15.804935480817807|4.2175676045758435) (14.198149766508292|3.9595318902945054) (14.461071428785642|2.3223214285320433)
C392658134185161521094,Z392658134185161521023,2.25,(14.461071428785642|2.3223214285320433) (14.723993091062992|0.6851109667695814) (13.117207376753475|0.4270752524882435) (12.854285714476125|2.064285714250705)
C392658134185161521095,Z392658134185161521023,2.25,(14.461071428785642|2.3223214285320433) (14.198149766508292|3.9595318902945054) (12.591364052198776|3.701496176013167) (12.854285714476125|2.064285714250705)
C392658134185161521096,Z392658134185161521024,2.25,(12.854285714476125|2.064285714250705) (13.117207376753475|0.4270752524882435) (11.51042166244396|0.16903953820690537) (11.24750000016661|1.806249999969367)
C392658134185161521097,Z392658134185161521024,2.25,(12.854285714476125|2.064285714250705) (12.591364052198776|3.701496176013167) (10.98457833788926|3.4434604617318283) (11.24750000016661|1.806249999969367)
C392658134185161521098,Z392658134185161521024,2.25,(11.24750000016661|1.806249999969367) (11.51042166244396|0.16903953820690537) (9.903635948134445|-0.08899617607443278) (9.640714285857095|1.548214285688029)
C392658134185161521099,Z392658134185161521024,2.25,(11.24750000016661|1.806249999969367) (10.98457833788926|3.4434604617318283) (9.377792623579746|3.1854247474504906) (9.640714285857095|1.548214285688029)
C3926581341851615210100,Z392658134185161521025,2.25,(9.640714285857095|1.548214285688029) (9.903635948134445|-0.08899617607443278) (8.296850233824928|-0.3470318903557709) (8.033928571547579|1.2901785714066907)
C3926581341851615210101,Z392658134185161521025,2.25,(9.640714285857095|1.548214285688029) (9.377792623579746|3.1854247474504906) (7.771006909270229|2.9273890331691526) (8.033928571547579|1.2901785714066907)
C3926581341851615210102,Z392658134185161521025,2.25,(8.033928571547579|1.2901785714066907) (8.296850233824928|-0.3470318903557709) (6.6900645195154125|-0.6050676046371094) (6.427142857238063|1.0321428571253526)
C3926581341851615210103,Z392658134185161521025,2.25,(8.033928571547579|1.2901785714066907) (7.771006909270229|2.9273890331691526) (6.164221194960713|2.6693533188878145) (6.427142857238063|1.0321428571253526)
C3926581341851615210104,Z392658134185161521026,2.25,(6.427142857238063|1.0321428571253526) (6.6900645195154125|-0.6050676046371094) (5.0832788052058975|-0.8631033189184473) (4.820357142928548|0.7741071428440145)
C3926581341851615210105,Z392658134185161521026,2.25,(6.427142857238063|1.0321428571253526) (6.164221194960713|2.6693533188878145) (4.557435480651198|2.411317604606476) (4.820357142928548|0.7741071428440145)
C3926581341851615210106,Z392658134185161521026,2.25,(4.820357142928548|0.7741071428440145) (5.0832788052058975|-0.8631033189184473) (3.4764930908963807|-1.1211390331997857) (3.2135714286190313|0.5160714285626763)
C3926581341851615210107,Z392658134185161521026,2.25,(4.820357142928548|0.7741071428440145) (4.557435480651198|2.411317604606476) (2.950649766341682|2.1532818903251383) (3.2135714286190313|0.5160714285626763)
C3926581341851615210108,Z392658134185161521027,2.25,(3.2135714286190313|0.5160714285626763) (3.4764930908963807|-1.1211390331997857) (1.8697073765868653|-1.3791747474811236) (1.6067857143095157|0.25803571428133815)
C3926581341851615210109,Z392658134185161521027,2.25,(3.2135714286190313|0.5160714285626763) (2.950649766341682|2.1532818903251383) (1.343864052032166|1.8952461760437997) (1.6067857143095157|0.25803571428133815)
C3926581341851615210110,Z392658134185161521027,2.25,(1.6067857143095157|0.25803571428133815) (1.8697073765868653|-1.3791747474811236) (0.26292166227734953|-1.6372104617624617) (0.0|0.0)
C3926581341851615210111,Z392658134185161521027,2.25,(1.6067857143095157|0.25803571428133815) (1.343864052032166|1.8952461760437997) (-0.26292166227734953|1.6372104617624617) (0.0|0.0)
C3926581343055430480,Z3926581343055430480,2.25,(89.98000000133288|14.449999999754937) (93.0116626302497|15.066712840499996) (92.72309120175771|16.485284269103595) (89.6914285728404|15.868571428358434)
C3926581343055430481,Z3926581343055430480,2.25,(89.98000000133288|14.449999999754937) (86.94833737241605|13.833287159009874) (86.65976594392309|15.251858587613278) (89.6914285728404|15.868571428358434)
C3926581343055430482,Z3926581343055430480,2.25,(89.6914285728404|15.868571428358434) (92.72309120175771|16.485284269103595) (92.43451977326521|17.90385569770709) (89.40285714434789|17.287142856961932)
C3926581343055430483,Z3926581343055430480,2.25,(89.6914285728404|15.868571428358434) (86.65976594392309|15.251858587613278) (86.37119451543057|16.670430016216773) (89.40285714434789|17.287142856961932)
C3926581343055430484,Z3926581343055430481,2.25,(89.40285714434789|17.287142856961932) (92.43451977326521|17.90385569770709) (92.14594834477238|19.32242712631052) (89.1142857158554|18.705714285565428)
C3926581343055430485,Z3926581343055430481,2.25,(89.40285714434789|17.287142856961932) (86.37119451543057|16.670430016216773) (86.08262308693841|18.089001444820333) (89.1142857158554|18.705714285565428)
C3926581343055430486,Z3926581343055430481,2.25,(89.1142857158554|18.705714285565428) (92.14594834477238|19.32242712631052) (91.85737691627958|20.740998554913958) (88.8257142873629|20.124285714168927)
C3926581343055430487,Z3926581343055430481,2.25,(89.1142857158554|18.705714285565428) (86.08262308693841|18.089001444820333) (85.79405165844622|19.507572873423896) (88.8257142873629|20.124285714168927)
C3926581343055430488,Z3926581343055430482,2.25,(88.8257142873629|20.124285714168927) (91.85737691627958|20.740998554913958) (91.5688054877874|22.159569983517517) (88.53714285887041|21.542857142772423)
C3926581343055430489,Z3926581343055430482,2.25,(88.8257142873629|20.124285714168927) (85.79405165844622|19.507572873423896) (85.50548022995342|20.92614430202733) (88.53714285887041|21.542857142772423)
C39265813430554304810,Z3926581343055430482,2.25,(88.53714285887041|21.542857142772423) (91.5688054877874|22.159569983517517) (91.2802340592949|23.578141412121017) (88.24857143037791|22.961428571375922)
C39265813430554304811,Z3926581343055430482,2.25,(88.53714285887041|21.542857142772423) (85.50548022995342|20.92614430202733) (85.21690880146093|22.34471573063083) (88.24857143037791|22.961428571375922)
C39265813430554304812,Z3926581343055430483,2.25,(88.24857143037791|22.961428571375922) (91.2802340592949|23.578141412121017) (90.9916626308021|24.99671284072445) (87.96000000188542|24.379999999979418)
C39265813430554304813,Z3926581343055430483,2.25,(88.24857143037791|22.961428571375922) (85.21690880146093|22.34471573063083) (84.92833737296871|23.763287159234384) (87.96000000188542|24.379999999979418)
