cellName,zone,surfaceSize,coordinate
C2637481618033620320,Z2637481618033620320,2.25,(19.23800000014353|23.370999999983155) (19.52577718726175|21.72022590070159) (21.722777187001295|22.103225900700945) (21.434999999883075|23.75399999998251)
C263748163055430480,Z263748163055430480,2.25,(19.23800000014353|23.370999999983155) (22.124543723419226|24.009322158944684) (22.592543723394|21.892988825606682) (19.706000000117758|21.254666666645033)
C263748163055430481,Z263748163055430480,2.25,(19.23800000014353|23.370999999983155) (16.351456276867815|22.732677841021623) (16.819456276841514|20.616344507683383) (19.706000000117758|21.254666666645033)
C263748163055430482,Z263748163055430480,2.25,(19.706000000117758|21.254666666645033) (22.592543723394|21.892988825606682) (23.06054372336796|19.7766554922685) (20.17400000009199|19.13833333330691)
C263748163055430483,Z263748163055430480,2.25,(19.706000000117758|21.254666666645033) (16.819456276841514|20.616344507683383) (17.287456276816002|18.500011174345317) (20.17400000009199|19.13833333330691)
C263748163055430484,Z263748163055430481,2.25,(20.17400000009199|19.13833333330691) (23.06054372336796|19.7766554922685) (23.528543723342203|17.66032215893038) (20.64200000006622|17.021999999968788)
C180336202966983958690,Z180336202966983958690,2.25,(22.695000000112486|14.904999999956203) (22.897018988921893|13.300593379719514) (24.946018988921416|13.558593379750247) (24.74400000011201|15.162999999986937)
C18033620293055430470,Z18033620293055430470,2.25,(22.695000000112486|14.904999999956203) (26.181270195770512|15.46154313381166) (25.810270195627172|17.785543133827417) (22.323999999969146|17.22899999997196)
C18033620293055430471,Z18033620293055430470,2.25,(22.695000000112486|14.904999999956203) (19.20872980445446|14.348456866100747) (18.83772980431112|16.672456866116505) (22.323999999969146|17.22899999997196)
C30554304766983958720,Z30554304766983958720,2.25,(22.323999999969146|17.22899999997196) (26.1365489631864|17.74839705408955) (25.898548963104883|19.495397054112548) (22.085999999887918|18.975999999994997)
C3055430473055430480,Z3055430473055430480,2.25,(22.323999999969146|17.22899999997196) (22.521129944024164|15.627200164820662) (20.839129944121236|15.420200164817489) (20.64200000006622|17.021999999968788)
C3055430483926581340,Z3055430483926581340,2.25,(20.64200000006622|17.021999999968788) (23.673662628983383|17.638712840713914) (23.875662628927813|16.6457128406914) (20.844000000010965|16.028999999946336)
C185161521018241369860,Z185161521018241369860,2.25,(11.845999999877677|14.583999999970843) (12.086329922453126|12.959029530346156) (9.124829922483706|12.52102953034356) (8.884499999908257|14.14599999996824)
C185161521018241369861,Z185161521018241369860,2.25,(11.845999999877677|14.583999999970843) (11.605670077302229|16.208970469595528) (8.64417007733281|15.770970469592916) (8.884499999908257|14.14599999996824)
C185161521018241369862,Z185161521018241369860,2.25,(8.884499999908257|14.14599999996824) (9.124829922483706|12.52102953034356) (6.163329922514287|12.08302953034095) (5.922999999938838|13.707999999965637)
C185161521018241369863,Z185161521018241369860,2.25,(8.884499999908257|14.14599999996824) (8.64417007733281|15.770970469592916) (5.682670077363389|15.332970469590322) (5.922999999938838|13.707999999965637)
C185161521018241369864,Z185161521018241369861,2.25,(5.922999999938838|13.707999999965637) (6.163329922514287|12.08302953034095) (3.201829922544867|11.645029530338354) (2.961499999969419|13.269999999963034)
C185161521018241369865,Z185161521018241369861,2.25,(5.922999999938838|13.707999999965637) (5.682670077363389|15.332970469590322) (2.7211700773939715|14.89497046958771) (2.961499999969419|13.269999999963034)
C185161521018241369866,Z185161521018241369861,2.25,(2.961499999969419|13.269999999963034) (3.201829922544867|11.645029530338354) (0.240329922575449|11.207029530335744) (0.0|12.83199999996043)
C18516152103926581340,Z18516152103926581340,2.25,(11.845999999877677|14.583999999970843) (12.108921662155026|12.946789538208375) (15.108254995532793|13.42845620486686) (14.84533333325544|15.06566666662934)
C18516152103926581341,Z18516152103926581340,2.25,(11.845999999877677|14.583999999970843) (11.583078337600327|16.22121046173331) (14.582411670978086|16.702877128391822) (14.84533333325544|15.06566666662934)
C18516152103926581342,Z18516152103926581340,2.25,(14.84533333325544|15.06566666662934) (15.108254995532793|13.42845620486686) (18.107588328910552|13.91012287152537) (17.844666666633202|15.547333333287838)
C18516152103926581343,Z18516152103926581340,2.25,(14.84533333325544|15.06566666662934) (14.582411670978086|16.702877128391822) (17.581745004355852|17.18454379505031) (17.844666666633202|15.547333333287838)
C18516152103926581344,Z18516152103926581341,2.25,(17.844666666633202|15.547333333287838) (18.107588328910552|13.91012287152537) (21.106921662288315|14.391789538183868) (20.844000000010965|16.028999999946336)
C18516152103926581345,Z18516152103926581341,2.25,(17.844666666633202|15.547333333287838) (17.581745004355852|17.18454379505031) (20.581078337733615|17.666210461708808) (20.844000000010965|16.028999999946336)
C185161521018241369910,Z185161521018241369910,2.25,(11.845999999877677|14.583999999970843) (14.885894700148707|15.199524482284568) (15.378061366823337|12.768857815622763) (12.338166666552297|12.153333333309035)
C185161521018241369911,Z185161521018241369910,2.25,(11.845999999877677|14.583999999970843) (8.806105299606646|13.968475517657117) (9.298271966281257|11.537808850995308) (12.338166666552297|12.153333333309035)
C185161521018241369912,Z185161521018241369910,2.25,(12.338166666552297|12.153333333309035) (15.378061366823337|12.768857815622763) (15.870228033497877|10.33819114896094) (12.830333333226918|9.722666666647228)
C185161521018241369913,Z185161521018241369910,2.25,(12.338166666552297|12.153333333309035) (9.298271966281257|11.537808850995308) (9.790438632955965|9.107142184333519) (12.830333333226918|9.722666666647228)
C185161521018241369914,Z185161521018241369911,2.25,(12.830333333226918|9.722666666647228) (15.870228033497877|10.33819114896094) (16.362394700172498|7.907524482299133) (13.322499999901538|7.291999999985421)
C185161521018241369915,Z185161521018241369911,2.25,(12.830333333226918|9.722666666647228) (9.790438632955965|9.107142184333519) (10.282605299630582|6.676475517671711) (13.322499999901538|7.291999999985421)
C185161521018241369916,Z185161521018241369911,2.25,(13.322499999901538|7.291999999985421) (16.362394700172498|7.907524482299133) (16.854561366847097|5.476857815637321) (13.814666666576159|4.861333333323614)
C185161521018241369917,Z185161521018241369911,2.25,(13.322499999901538|7.291999999985421) (10.282605299630582|6.676475517671711) (10.774771966305224|4.245808851009908) (13.814666666576159|4.861333333323614)
C185161521018241369918,Z185161521018241369912,2.25,(13.814666666576159|4.861333333323614) (16.854561366847097|5.476857815637321) (17.34672803352171|3.0461911489755127) (14.306833333250779|2.430666666661807)
C185161521018241369919,Z185161521018241369912,2.25,(13.814666666576159|4.861333333323614) (10.774771966305224|4.245808851009908) (11.266938632979848|1.8151421843481015) (14.306833333250779|2.430666666661807)
C1851615210182413699110,Z185161521018241369912,2.25,(14.306833333250779|2.430666666661807) (17.34672803352171|3.0461911489755127) (17.838894700196334|0.6155244823137059) (14.7989999999254|0.0)
C669839586966983958720,Z669839586966983958720,2.25,(24.74400000011201|15.162999999986937) (26.123097198120686|16.124353357607802) (25.237097198045927|17.395353357610446) (23.85800000003731|16.433999999989624)
C669839586966983958721,Z669839586966983958720,2.25,(24.74400000011201|15.162999999986937) (23.364902802103334|14.201646642366072) (22.478902802028692|15.472646642368797) (23.85800000003731|16.433999999989624)
C669839586966983958722,Z669839586966983958720,2.25,(23.85800000003731|16.433999999989624) (25.237097198045927|17.395353357610446) (24.351097197971292|18.666353357613175) (22.971999999962616|17.70499999999231)
C669839586966983958723,Z669839586966983958720,2.25,(23.85800000003731|16.433999999989624) (22.478902802028692|15.472646642368797) (21.59290280195394|16.743646642371445) (22.971999999962616|17.70499999999231)
C669839587218033620320,Z669839587218033620320,2.25,(22.085999999887918|18.975999999994997) (25.8982992999122|19.49542378491353) (25.57279929990978|21.884423784907288) (21.760499999885496|21.364999999988754)
C669839587218033620321,Z669839587218033620320,2.25,(22.085999999887918|18.975999999994997) (18.273700699863635|18.456576215076463) (17.948200699861214|20.84557621507022) (21.760499999885496|21.364999999988754)
C669839587218033620322,Z669839587218033620320,2.25,(21.760499999885496|21.364999999988754) (25.57279929990978|21.884423784907288) (25.247299299907358|24.273423784901045) (21.434999999883075|23.75399999998251)
C669839587218033620323,Z669839587218033620320,2.25,(21.760499999885496|21.364999999988754) (17.948200699861214|20.84557621507022) (17.622700699858793|23.234576215063978) (21.434999999883075|23.75399999998251)
