cellName,zone,surfaceSize,coordinate
C2637481618033620320,Z2637481618033620320,2.25,(31.027000000278804|28.153000000017414) (31.31477718739703|26.5022259007358) (33.51177718713658|26.885225900735158) (33.22400000001835|28.53600000001677)
C263748163055430480,Z263748163055430480,2.25,(31.027000000278804|28.153000000017414) (33.91354372355452|28.791322158978947) (34.38154372352846|26.67498882564076) (31.495000000253032|26.03666666667929)
C263748163055430481,Z263748163055430480,2.25,(31.027000000278804|28.153000000017414) (28.140456277003103|27.514677841055885) (28.60845627697759|25.39834450771782) (31.495000000253032|26.03666666667929)
C263748163055430482,Z263748163055430480,2.25,(31.495000000253032|26.03666666667929) (34.38154372352846|26.67498882564076) (34.84954372350351|24.558655492302815) (31.963000000227265|23.920333333341166)
C263748163055430483,Z263748163055430480,2.25,(31.495000000253032|26.03666666667929) (28.60845627697759|25.39834450771782) (29.07645627695102|23.282011174379516) (31.963000000227265|23.920333333341166)
C263748163055430484,Z263748163055430481,2.25,(31.963000000227265|23.920333333341166) (34.84954372350351|24.558655492302815) (35.317543723477485|22.442322158964636) (32.43100000020149|21.804000000003043)
C180336202966983958690,Z180336202966983958690,2.25,(34.48400000024776|19.686999999990462) (34.68601898905717|18.08259337975375) (36.73501898905669|18.340593379784483) (36.533000000247284|19.945000000021196)
C18033620293055430470,Z18033620293055430470,2.25,(34.48400000024776|19.686999999990462) (37.970270195906124|20.24354313384596) (37.59927019576279|22.56754313386172) (34.11300000010443|22.01100000000622)
C18033620293055430471,Z18033620293055430470,2.25,(34.48400000024776|19.686999999990462) (30.9977298045894|19.130456866134963) (30.626729804446068|21.45445686615072) (34.11300000010443|22.01100000000622)
C2635958718516152100,Z2635958718516152100,2.25,(19.843000000037136|38.09900000000255) (22.883409130182052|38.71445035079727) (23.425123415892287|36.038307493654656) (20.384714285747968|35.42285714286005)
C2635958718516152101,Z2635958718516152100,2.25,(19.843000000037136|38.09900000000255) (16.802590869892185|37.483549649207816) (17.34430515560365|34.80740679206545) (20.384714285747968|35.42285714286005)
C2635958718516152102,Z2635958718516152100,2.25,(20.384714285747968|35.42285714286005) (23.425123415892287|36.038307493654656) (23.966837701603747|33.3621646365123) (20.926428571458796|32.746714285717566)
C2635958718516152103,Z2635958718516152100,2.25,(20.384714285747968|35.42285714286005) (17.34430515560365|34.80740679206545) (17.886019441313877|32.13126393492284) (20.926428571458796|32.746714285717566)
C2635958718516152104,Z2635958718516152101,2.25,(20.926428571458796|32.746714285717566) (23.966837701603747|33.3621646365123) (24.50855198731458|30.686021779369803) (21.468142857169628|30.07057142857507)
C2635958718516152105,Z2635958718516152101,2.25,(20.926428571458796|32.746714285717566) (17.886019441313877|32.13126393492284) (18.427733727024695|29.455121077780344) (21.468142857169628|30.07057142857507)
C2635958718516152106,Z2635958718516152101,2.25,(21.468142857169628|30.07057142857507) (24.50855198731458|30.686021779369803) (25.050266273024796|28.009878922227184) (22.00985714288046|27.394428571432577)
C2635958718516152107,Z2635958718516152101,2.25,(21.468142857169628|30.07057142857507) (18.427733727024695|29.455121077780344) (18.969448012736137|26.778978220637974) (22.00985714288046|27.394428571432577)
C2635958718516152108,Z2635958718516152102,2.25,(22.00985714288046|27.394428571432577) (25.050266273024796|28.009878922227184) (25.591980558736243|25.333736065084818) (22.55157142859129|24.718285714290086)
C2635958718516152109,Z2635958718516152102,2.25,(22.00985714288046|27.394428571432577) (18.969448012736137|26.778978220637974) (19.51116229844634|24.102835363495355) (22.55157142859129|24.718285714290086)
C26359587185161521010,Z2635958718516152102,2.25,(22.55157142859129|24.718285714290086) (25.591980558736243|25.333736065084818) (26.133694844446758|22.65759320794226) (23.09328571430212|22.042142857147592)
C26359587185161521011,Z2635958718516152102,2.25,(22.55157142859129|24.718285714290086) (19.51116229844634|24.102835363495355) (20.05287658415748|21.426692506352925) (23.09328571430212|22.042142857147592)
C26359587185161521012,Z2635958718516152103,2.25,(23.09328571430212|22.042142857147592) (26.133694844446758|22.65759320794226) (26.67540913015757|19.981450350799765) (23.63500000001295|19.3660000000051)
C26359587185161521013,Z2635958718516152103,2.25,(23.09328571430212|22.042142857147592) (20.05287658415748|21.426692506352925) (20.594590869868313|18.750549649210434) (23.63500000001295|19.3660000000051)
C30554304766983958720,Z30554304766983958720,2.25,(34.11300000010443|22.01100000000622) (37.92554896332074|22.530397054123682) (37.68754896324016|24.277397054146807) (33.8750000000232|23.758000000029256)
C3055430473055430480,Z3055430473055430480,2.25,(34.11300000010443|22.01100000000622) (34.31012994415944|20.40920016485495) (32.62812994425651|20.202200164851757) (32.43100000020149|21.804000000003043)
C3055430483926581340,Z3055430483926581340,2.25,(32.43100000020149|21.804000000003043) (35.4626626291188|22.4207128407482) (35.66466262906324|21.42771284072569) (32.63300000014624|20.810999999980595)
C185161518218241369910,Z185161518218241369910,2.25,(27.51500000016449|0.0) (30.633034687062487|0.6044370880504895) (30.16953468701058|2.9954370880676184) (27.051500000112583|2.3910000000171294)
C185161518218241369911,Z185161518218241369910,2.25,(27.51500000016449|0.0) (24.396965313266495|-0.6044370880504895) (23.933465313214587|1.7865629119666402) (27.051500000112583|2.3910000000171294)
C185161518218241369912,Z185161518218241369910,2.25,(27.051500000112583|2.3910000000171294) (30.16953468701058|2.9954370880676184) (29.70603468695864|5.386437088084742) (26.588000000060674|4.782000000034259)
C185161518218241369913,Z185161518218241369910,2.25,(27.051500000112583|2.3910000000171294) (23.933465313214587|1.7865629119666402) (23.469965313162703|4.177562911983775) (26.588000000060674|4.782000000034259)
C185161521018241369860,Z185161521018241369860,2.25,(23.63500000001295|19.3660000000051) (23.875329922588406|17.74102953038038) (20.913829922618987|17.303029530377778) (20.673500000043532|18.9280000000025)
C185161521018241369861,Z185161521018241369860,2.25,(23.63500000001295|19.3660000000051) (23.394670077437496|20.990970469629822) (20.433170077468077|20.55297046962722) (20.673500000043532|18.9280000000025)
C185161521018241369862,Z185161521018241369860,2.25,(20.673500000043532|18.9280000000025) (20.913829922618987|17.303029530377778) (17.952329922649565|16.865029530375192) (17.712000000074113|18.489999999999895)
C185161521018241369863,Z185161521018241369860,2.25,(20.673500000043532|18.9280000000025) (20.433170077468077|20.55297046962722) (17.47167007749866|20.1149704696246) (17.712000000074113|18.489999999999895)
C185161521018241369864,Z185161521018241369861,2.25,(17.712000000074113|18.489999999999895) (17.952329922649565|16.865029530375192) (14.990829922680145|16.42702953037259) (14.750500000104694|18.051999999997292)
C185161521018241369865,Z185161521018241369861,2.25,(17.712000000074113|18.489999999999895) (17.47167007749866|20.1149704696246) (14.510170077529242|19.676970469621995) (14.750500000104694|18.051999999997292)
C185161521018241369866,Z185161521018241369861,2.25,(14.750500000104694|18.051999999997292) (14.990829922680145|16.42702953037259) (12.029329922710723|15.989029530370004) (11.789000000135275|17.61399999999469)
C18516152103926581340,Z18516152103926581340,2.25,(23.63500000001295|19.3660000000051) (23.897921662290305|17.728789538242612) (26.897254995668064|18.21045620490113) (26.634333333390714|19.8476666666636)
C18516152103926581341,Z18516152103926581340,2.25,(23.63500000001295|19.3660000000051) (23.372078337735598|21.00321046176759) (26.371411671113364|21.484877128426067) (26.634333333390714|19.8476666666636)
C18516152103926581342,Z18516152103926581340,2.25,(26.634333333390714|19.8476666666636) (26.897254995668064|18.21045620490113) (29.896588329045823|18.69212287155965) (29.633666666768477|20.329333333322097)
C18516152103926581343,Z18516152103926581340,2.25,(26.634333333390714|19.8476666666636) (26.371411671113364|21.484877128426067) (29.37074500449113|21.966543795084544) (29.633666666768477|20.329333333322097)
C18516152103926581344,Z18516152103926581341,2.25,(29.633666666768477|20.329333333322097) (29.896588329045823|18.69212287155965) (32.89592166242359|19.17378953821815) (32.63300000014624|20.810999999980595)
C18516152103926581345,Z18516152103926581341,2.25,(29.633666666768477|20.329333333322097) (29.37074500449113|21.966543795084544) (32.37007833786889|22.44821046174304) (32.63300000014624|20.810999999980595)
C185161521018241369910,Z185161521018241369910,2.25,(23.63500000001295|19.3660000000051) (26.67489470028399|19.98152448231883) (27.16706136695861|17.55085781565702) (24.12716666668757|16.935333333343294)
C185161521018241369911,Z185161521018241369910,2.25,(23.63500000001295|19.3660000000051) (20.59510529974193|18.750475517691378) (21.08727196641655|16.31980885102957) (24.12716666668757|16.935333333343294)
C185161521018241369912,Z185161521018241369910,2.25,(24.12716666668757|16.935333333343294) (27.16706136695861|17.55085781565702) (27.65922803363339|15.120191148995247) (24.619333333362192|14.504666666681487)
C185161521018241369913,Z185161521018241369910,2.25,(24.12716666668757|16.935333333343294) (21.08727196641655|16.31980885102957) (21.579438633091005|13.88914218436773) (24.619333333362192|14.504666666681487)
C185161521018241369914,Z185161521018241369911,2.25,(24.619333333362192|14.504666666681487) (27.65922803363339|15.120191148995247) (28.151394700307684|12.689524482333374) (25.111500000036813|12.07400000001968)
C185161521018241369915,Z185161521018241369911,2.25,(24.619333333362192|14.504666666681487) (21.579438633091005|13.88914218436773) (22.07160529976593|11.458475517705985) (25.111500000036813|12.07400000001968)
C185161521018241369916,Z185161521018241369911,2.25,(25.111500000036813|12.07400000001968) (28.151394700307684|12.689524482333374) (28.643561366982393|10.258857815671584) (25.603666666711433|9.643333333357873)
C185161521018241369917,Z185161521018241369911,2.25,(25.111500000036813|12.07400000001968) (22.07160529976593|11.458475517705985) (22.56377196644048|9.027808851044163) (25.603666666711433|9.643333333357873)
C185161521018241369918,Z185161521018241369912,2.25,(25.603666666711433|9.643333333357873) (28.643561366982393|10.258857815671584) (29.13572803365705|7.828191149009784) (26.095833333386054|7.212666666696066)
C185161521018241369919,Z185161521018241369912,2.25,(25.603666666711433|9.643333333357873) (22.56377196644048|9.027808851044163) (23.05593863311506|6.5971421843823475) (26.095833333386054|7.212666666696066)
C1851615210182413699110,Z185161521018241369912,2.25,(26.095833333386054|7.212666666696066) (29.13572803365705|7.828191149009784) (29.62789470033159|5.397524482347961) (26.588000000060674|4.782000000034259)
C669839586918456723280,Z669839586918456723280,2.25,(36.533000000247284|19.945000000021196) (36.74228429105967|18.33671229179269) (39.20395095766927|18.657045625127253) (38.99466666685688|20.265333333355784)
C669839586918456723281,Z669839586918456723280,2.25,(36.533000000247284|19.945000000021196) (36.3237157094349|21.5532877082497) (38.78538237604449|21.873621041584318) (38.99466666685688|20.265333333355784)
C669839586918456723282,Z669839586918456723280,2.25,(38.99466666685688|20.265333333355784) (39.20395095766927|18.657045625127253) (41.66561762427885|18.97737895846189) (41.45633333346647|20.585666666690372)
C669839586918456723283,Z669839586918456723280,2.25,(38.99466666685688|20.265333333355784) (38.78538237604449|21.873621041584318) (41.24704904265408|22.193954374918853) (41.45633333346647|20.585666666690372)
C669839586966983958720,Z669839586966983958720,2.25,(36.533000000247284|19.945000000021196) (37.91209719825591|20.906353357642022) (37.026097198181155|22.177353357644666) (35.64700000017259|21.216000000023882)
C669839586966983958721,Z669839586966983958720,2.25,(36.533000000247284|19.945000000021196) (35.153902802238655|18.983646642400366) (34.26790280216402|20.254646642403095) (35.64700000017259|21.216000000023882)
C669839586966983958722,Z669839586966983958720,2.25,(35.64700000017259|21.216000000023882) (37.026097198181155|22.177353357644666) (36.14009719810646|23.448353357647353) (34.761000000097894|22.48700000002657)
C669839586966983958723,Z669839586966983958720,2.25,(35.64700000017259|21.216000000023882) (34.26790280216402|20.254646642403095) (33.38190280208933|21.525646642405782) (34.761000000097894|22.48700000002657)
C669839587218033620320,Z669839587218033620320,2.25,(33.8750000000232|23.758000000029256) (37.68729930004744|24.27742378494779) (37.36179930004439|26.66642378494146) (33.54950000002077|26.147000000023013)
C669839587218033620321,Z669839587218033620320,2.25,(33.8750000000232|23.758000000029256) (30.06270069999896|23.238576215110722) (29.737200699997132|25.62757621510456) (33.54950000002077|26.147000000023013)
C669839587218033620322,Z669839587218033620320,2.25,(33.54950000002077|26.147000000023013) (37.36179930004439|26.66642378494146) (37.036299300042614|29.055423784935307) (33.22400000001835|28.53600000001677)
C669839587218033620323,Z669839587218033620320,2.25,(33.54950000002077|26.147000000023013) (29.737200699997132|25.62757621510456) (29.41170069999411|28.016576215098237) (33.22400000001835|28.53600000001677)
C182413698618241370110,Z182413698618241370110,2.25,(11.789000000135275|17.61399999999469) (11.968806965706055|16.02140472039371) (9.021556965672238|15.688654720395366) (8.841750000101456|17.281249999996362)
C182413698618241370111,Z182413698618241370110,2.25,(11.789000000135275|17.61399999999469) (11.609193034564495|19.206595279595664) (8.661943034530674|18.873845279597354) (8.841750000101456|17.281249999996362)
C182413698618241370112,Z182413698618241370110,2.25,(8.841750000101456|17.281249999996362) (9.021556965672238|15.688654720395366) (6.074306965638417|15.355904720397056) (5.894500000067637|16.948499999998035)
C182413698618241370113,Z182413698618241370110,2.25,(8.841750000101456|17.281249999996362) (8.661943034530674|18.873845279597354) (5.714693034496858|18.54109527959901) (5.894500000067637|16.948499999998035)
C182413698618241370114,Z182413698618241370111,2.25,(5.894500000067637|16.948499999998035) (6.074306965638417|15.355904720397056) (3.1270569656045986|15.023154720398729) (2.9472500000338187|16.615749999999707)
C182413698618241370115,Z182413698618241370111,2.25,(5.894500000067637|16.948499999998035) (5.714693034496858|18.54109527959901) (2.767443034463039|18.20834527960068) (2.9472500000338187|16.615749999999707)
C182413698618241370116,Z182413698618241370111,2.25,(2.9472500000338187|16.615749999999707) (3.1270569656045986|15.023154720398729) (0.17980696557078485|14.690404720400357) (0.0|16.28300000000138)
