cellName,zone,surfaceSize,coordinate
C29266038287828230,Z29266038287828230,2.25,(8.911999999838827|1.2899999999405054) (8.649651521421507|2.7668795738638896) (6.228984854746295|2.336879573883721) (6.491333333163614|0.8599999999603369)
C29266038287828231,Z29266038287828230,2.25,(8.911999999838827|1.2899999999405054) (9.174348478256146|-0.18687957398287883) (6.753681811580933|-0.6168795739630474) (6.491333333163614|0.8599999999603369)
C29266038287828232,Z29266038287828230,2.25,(6.491333333163614|0.8599999999603369) (6.228984854746295|2.336879573883721) (3.808318188071083|1.906879573903553) (4.070666666488402|0.42999999998016847)
C29266038287828233,Z29266038287828230,2.25,(6.491333333163614|0.8599999999603369) (6.753681811580933|-0.6168795739630474) (4.333015144905722|-1.0468795739432157) (4.070666666488402|0.42999999998016847)
C2926603818594013860,Z2926603818594013860,2.25,(8.911999999838827|1.2899999999405054) (8.706740529955875|2.775889817532432) (11.855740530020336|3.210889817547346) (12.060999999903288|1.7249999999554195)
C2926603818594013861,Z2926603818594013860,2.25,(8.911999999838827|1.2899999999405054) (9.117259469721779|-0.19588981765142122) (12.26625946978624|0.23911018236349288) (12.060999999903288|1.7249999999554195)
C2926603818594013862,Z2926603818594013860,2.25,(12.060999999903288|1.7249999999554195) (11.855740530020336|3.210889817547346) (15.004740530084797|3.6458898175622596) (15.20999999996775|2.1599999999703337)
C2926603818594013863,Z2926603818594013860,2.25,(12.060999999903288|1.7249999999554195) (12.26625946978624|0.23911018236349288) (15.415259469850701|0.674110182378407) (15.20999999996775|2.1599999999703337)
C2926603818594013864,Z2926603818594013861,2.25,(15.20999999996775|2.1599999999703337) (15.004740530084797|3.6458898175622596) (18.153740530149257|4.080889817577175) (18.35900000003221|2.594999999985248)
C2926603818594013865,Z2926603818594013861,2.25,(15.20999999996775|2.1599999999703337) (15.415259469850701|0.674110182378407) (18.564259469915164|1.1091101823933214) (18.35900000003221|2.594999999985248)
C29266038292660840,Z29266038292660840,2.25,(8.911999999838827|1.2899999999405054) (10.378179448424492|1.6067298920331745) (9.801179448460182|4.2777298920397016) (8.334999999874526|3.9609999999470347)
C29266038292660841,Z29266038292660840,2.25,(8.911999999838827|1.2899999999405054) (7.445820551253161|0.9732701078478362) (6.868820551288871|3.644270107854368) (8.334999999874526|3.9609999999470347)
C29266038292660842,Z29266038292660840,2.25,(8.334999999874526|3.9609999999470347) (9.801179448460182|4.2777298920397016) (9.224179448495882|6.948729892046231) (7.757999999910226|6.631999999953564)
C29266038292660843,Z29266038292660840,2.25,(8.334999999874526|3.9609999999470347) (6.868820551288871|3.644270107854368) (6.291820551324566|6.315270107860896) (7.757999999910226|6.631999999953564)
C29266038292660844,Z29266038292660841,2.25,(7.757999999910226|6.631999999953564) (9.224179448495882|6.948729892046231) (8.64717944853182|9.619729892052812) (7.180999999945925|9.302999999960093)
C29266038292660845,Z29266038292660841,2.25,(7.757999999910226|6.631999999953564) (6.291820551324566|6.315270107860896) (5.71482055136004|8.986270107867377) (7.180999999945925|9.302999999960093)
C29266038292660846,Z29266038292660841,2.25,(7.180999999945925|9.302999999960093) (8.64717944853182|9.619729892052812) (8.070179448567519|12.29072989205934) (6.603999999981625|11.973999999966622)
C29266038292660847,Z29266038292660841,2.25,(7.180999999945925|9.302999999960093) (5.71482055136004|8.986270107867377) (5.137820551395739|11.657270107873906) (6.603999999981625|11.973999999966622)
C29266038292660848,Z29266038292660842,2.25,(6.603999999981625|11.973999999966622) (8.070179448567519|12.29072989205934) (7.493179448603029|14.96172989206583) (6.027000000017324|14.644999999973152)
C29266038292660849,Z29266038292660842,2.25,(6.603999999981625|11.973999999966622) (5.137820551395739|11.657270107873906) (4.560820551431627|14.328270107880476) (6.027000000017324|14.644999999973152)
C292660412493609330,Z292660412493609330,2.25,(29.020000000059554|4.824999999968327) (28.670815627391445|6.283790688821385) (26.42181562732844|5.745457355497182) (26.770999999996548|4.286666666644123)
C292660412493609331,Z292660412493609330,2.25,(29.020000000059554|4.824999999968327) (29.369184372727663|3.3662093111152696) (27.120184372664657|2.8278759777910647) (26.770999999996548|4.286666666644123)
C292660412493609332,Z292660412493609330,2.25,(26.770999999996548|4.286666666644123) (26.42181562732844|5.745457355497182) (24.172815627265432|5.2071240221729775) (24.52199999993354|3.74833333331992)
C292660412493609333,Z292660412493609330,2.25,(26.770999999996548|4.286666666644123) (27.120184372664657|2.8278759777910647) (24.87118437260165|2.289542644466862) (24.52199999993354|3.74833333331992)
C29266041281859440,Z29266041281859440,2.25,(29.020000000059554|4.824999999968327) (27.563890354062163|5.185200914505386) (28.034557020734205|7.087867581166818) (29.490666666731613|6.727666666629754)
C29266041281859441,Z29266041281859440,2.25,(29.020000000059554|4.824999999968327) (30.476109646056944|4.464799085431268) (30.946776312729018|6.367465752092691) (29.490666666731613|6.727666666629754)
C29266041281859442,Z29266041281859440,2.25,(29.490666666731613|6.727666666629754) (28.034557020734205|7.087867581166818) (28.505223687406193|8.990534247828263) (29.961333333403672|8.630333333291182)
C29266041281859443,Z29266041281859440,2.25,(29.490666666731613|6.727666666629754) (30.946776312729018|6.367465752092691) (31.41744297940115|8.2701324187541) (29.961333333403672|8.630333333291182)
C2926604120392096320,Z2926604120392096320,2.25,(29.020000000059554|4.824999999968327) (29.571774929871278|6.219827740885201) (30.795274929851782|5.7358277408779434) (30.243500000040058|4.34099999996107)
C2926604120392096321,Z2926604120392096320,2.25,(29.020000000059554|4.824999999968327) (28.46822507024783|3.4301722590514534) (29.691725070228333|2.946172259044197) (30.243500000040058|4.34099999996107)
C29266084287828200,Z29266084287828200,2.25,(6.027000000017324|14.644999999973152) (6.310262025637707|16.118011413656493) (3.296762025629048|16.697511413642918) (3.013500000008662|15.224499999959562)
C29266084287828201,Z29266084287828200,2.25,(6.027000000017324|14.644999999973152) (5.74373797439694|13.171988586289809) (2.730237974388276|13.751488586276206) (3.013500000008662|15.224499999959562)
C29266084287828202,Z29266084287828200,2.25,(3.013500000008662|15.224499999959562) (3.296762025629048|16.697511413642918) (0.28326202562038605|17.277011413629328) (0.0|15.803999999945972)
C29266084287828203,Z29266084287828200,2.25,(3.013500000008662|15.224499999959562) (2.730237974388276|13.751488586276206) (-0.28326202562038566|14.330988586262619) (0.0|15.803999999945972)
C2926608418352034930,Z2926608418352034930,2.25,(6.027000000017324|14.644999999973152) (7.476198687669632|15.032069972597247) (7.120698687600958|16.363069972590587) (5.671499999948537|15.975999999966461)
C2926608418352034931,Z2926608418352034930,2.25,(6.027000000017324|14.644999999973152) (4.5778013123650165|14.257930027349056) (4.222301312296123|15.588930027342338) (5.671499999948537|15.975999999966461)
C2878280918594013900,Z2878280918594013900,2.25,(1.067000000034568|33.831000000006384) (0.8554963244980015|35.31601387039102) (3.502496324451456|35.693013870391184) (3.7139999999880047|34.20800000000668)
C2878280918594013901,Z2878280918594013900,2.25,(1.067000000034568|33.831000000006384) (1.2785036755711336|32.34598612962176) (3.925503675524553|32.72298612962217) (3.7139999999880047|34.20800000000668)
C2878280918594013902,Z2878280918594013900,2.25,(3.7139999999880047|34.20800000000668) (3.502496324451456|35.693013870391184) (6.1494963244048835|36.07001387039154) (6.360999999941441|34.58500000000697)
C2878280918594013903,Z2878280918594013900,2.25,(3.7139999999880047|34.20800000000668) (3.925503675524553|32.72298612962217) (6.572503675478|33.099986129622394) (6.360999999941441|34.58500000000697)
C2878280918594013904,Z2878280918594013901,2.25,(6.360999999941441|34.58500000000697) (6.1494963244048835|36.07001387039154) (8.79649632435832|36.44701387039184) (9.007999999894878|34.962000000007265)
C2878280918594013905,Z2878280918594013901,2.25,(6.360999999941441|34.58500000000697) (6.572503675478|33.099986129622394) (9.219503675431435|33.476986129622695) (9.007999999894878|34.962000000007265)
C2878280918594013906,Z2878280918594013901,2.25,(9.007999999894878|34.962000000007265) (8.79649632435832|36.44701387039184) (11.443496324311758|36.82401387039213) (11.654999999848314|35.33900000000756)
C28782809287828180,Z28782809287828180,2.25,(1.067000000034568|33.831000000006384) (2.551374620182452|34.04694440736398) (2.8843746201340483|31.757944407358828) (1.3999999999896318|31.542000000001735)
C28782809287828181,Z28782809287828180,2.25,(1.067000000034568|33.831000000006384) (-0.41737462011331616|33.61505559264879) (-0.08437462015480901|31.32605559264464) (1.3999999999896318|31.542000000001735)
C28782809287828182,Z28782809287828180,2.25,(1.3999999999896318|31.542000000001735) (2.8843746201340483|31.757944407358828) (3.2173746200873783|29.468944407353927) (1.7329999999446954|29.252999999997087)
C28782809287828183,Z28782809287828180,2.25,(1.3999999999896318|31.542000000001735) (-0.08437462015480901|31.32605559264464) (0.24862537980201282|29.037055592640247) (1.7329999999446954|29.252999999997087)
C28782809287828184,Z28782809287828181,2.25,(1.7329999999446954|29.252999999997087) (3.2173746200873783|29.468944407353927) (3.5503746200441757|27.17994440734953) (2.065999999899759|26.96399999999244)
C28782809287828185,Z28782809287828181,2.25,(1.7329999999446954|29.252999999997087) (0.24862537980201282|29.037055592640247) (0.5816253797553184|26.748055592635342) (2.065999999899759|26.96399999999244)
C28782809287828186,Z28782809287828181,2.25,(2.065999999899759|26.96399999999244) (3.5503746200441757|27.17994440734953) (3.8833746199975057|24.89094440734463) (2.398999999854823|24.67499999998779)
C28782809287828187,Z28782809287828181,2.25,(2.065999999899759|26.96399999999244) (0.5816253797553184|26.748055592635342) (0.9146253797121402|24.45905559263095) (2.398999999854823|24.67499999998779)
C28782809287828188,Z28782809287828182,2.25,(2.398999999854823|24.67499999998779) (3.8833746199975057|24.89094440734463) (4.216374619956037|22.601944407340486) (2.7319999998098865|22.38599999998314)
C2878281818352034930,Z2878281818352034930,2.25,(2.7319999998098865|22.38599999998314) (4.068922645074577|23.066174860278764) (4.930255978431296|21.373174860271025) (3.5933333331665076|20.692999999975353)
C2878281818352034931,Z2878281818352034930,2.25,(2.7319999998098865|22.38599999998314) (1.3950773545451964|21.70582513968752) (2.2564106879017194|20.01282513967968) (3.5933333331665076|20.692999999975353)
C2878281818352034932,Z2878281818352034930,2.25,(3.5933333331665076|20.692999999975353) (4.930255978431296|21.373174860271025) (5.7915893117879165|19.680174860263232) (4.454666666523129|18.99999999996756)
C2878281818352034933,Z2878281818352034930,2.25,(3.5933333331665076|20.692999999975353) (2.2564106879017194|20.01282513967968) (3.117744021258334|18.319825139671885) (4.454666666523129|18.99999999996756)
C28782818287828200,Z28782818287828200,2.25,(2.7319999998098865|22.38599999998314) (1.3466012551897653|22.961039405941424) (0.43593458858646983|20.767039405929033) (1.821333333206591|20.19199999997075)
C28782818287828201,Z28782818287828200,2.25,(2.7319999998098865|22.38599999998314) (4.117398744430008|21.81096059402486) (3.2067320778267123|19.61696059401247) (1.821333333206591|20.19199999997075)
C28782818287828202,Z28782818287828200,2.25,(1.821333333206591|20.19199999997075) (0.43593458858646983|20.767039405929033) (-0.4747320780168257|18.573039405916646) (0.9106666666032955|17.997999999958363)
C28782818287828203,Z28782818287828200,2.25,(1.821333333206591|20.19199999997075) (3.2067320778267123|19.61696059401247) (2.2960654112234167|17.42296059400008) (0.9106666666032955|17.997999999958363)
C28782818287828204,Z28782818287828201,2.25,(0.9106666666032955|17.997999999958363) (-0.4747320780168257|18.573039405916646) (-1.385398744620207|16.37903940590429) (0.0|15.803999999945972)
C28782820287828230,Z28782820287828230,2.25,(0.0|15.803999999945972) (1.49189109322096|15.959759320595447) (1.7668910931889743|13.325759320604362) (0.274999999968865|13.169999999954976)
C28782820287828231,Z28782820287828230,2.25,(0.0|15.803999999945972) (-1.49189109322096|15.648240679296498) (-1.2168910932512442|13.01424067930559) (0.274999999968865|13.169999999954976)
C28782820287828232,Z28782820287828230,2.25,(0.274999999968865|13.169999999954976) (1.7668910931889743|13.325759320604362) (2.0418910931578393|10.691759320613368) (0.54999999993773|10.535999999963982)
C28782820287828233,Z28782820287828230,2.25,(0.274999999968865|13.169999999954976) (-1.2168910932512442|13.01424067930559) (-0.9418910932823793|10.380240679314596) (0.54999999993773|10.535999999963982)
C28782820287828234,Z28782820287828231,2.25,(0.54999999993773|10.535999999963982) (2.0418910931578393|10.691759320613368) (2.3168910931273503|8.05775932062244) (0.8249999999065949|7.901999999972986)
C28782820287828235,Z28782820287828231,2.25,(0.54999999993773|10.535999999963982) (-0.9418910932823793|10.380240679314596) (-0.6668910933141439|7.7462406793235346) (0.8249999999065949|7.901999999972986)
C28782820287828236,Z28782820287828231,2.25,(0.8249999999065949|7.901999999972986) (2.3168910931273503|8.05775932062244) (2.5918910930959944|5.423759320631421) (1.09999999987546|5.267999999981991)
C28782820287828237,Z28782820287828231,2.25,(0.8249999999065949|7.901999999972986) (-0.6668910933141439|7.7462406793235346) (-0.39189109334507455|5.112240679332561) (1.09999999987546|5.267999999981991)
C28782820287828238,Z28782820287828232,2.25,(1.09999999987546|5.267999999981991) (2.5918910930959944|5.423759320631421) (2.8668910930648552|2.7897593206404254) (1.3749999998443247|2.6339999999909955)
C28782820287828239,Z28782820287828232,2.25,(1.09999999987546|5.267999999981991) (-0.39189109334507455|5.112240679332561) (-0.11689109337620551|2.4782406793415657) (1.3749999998443247|2.6339999999909955)
C287828202878282310,Z28782820287828232,2.25,(1.3749999998443247|2.6339999999909955) (2.8668910930648552|2.7897593206404254) (3.1418910930337463|0.1557593206494326) (1.6499999998131898|0.0)
C287828202878282311,Z28782820287828232,2.25,(1.3749999998443247|2.6339999999909955) (-0.11689109337620551|2.4782406793415657) (0.15810890659263355|-0.1557593206494326) (1.6499999998131898|0.0)
C24936093318594013860,Z24936093318594013860,2.25,(22.272999999870535|3.2099999999957163) (22.040164361513607|4.6918190056475275) (20.083164361594445|4.384319005642293) (20.315999999951373|2.902499999990482)
C24936093318594013861,Z24936093318594013860,2.25,(22.272999999870535|3.2099999999957163) (22.505835638227463|1.7281809943439053) (20.5488356383083|1.4206809943386711) (20.315999999951373|2.902499999990482)
C229906960818337583670,Z229906960818337583670,2.25,(37.55999999981441|15.317000000010239) (36.07762012685606|15.546237676337052) (35.756120126900385|13.46723767630669) (37.23849999985873|13.237999999979877)
C229906960818337583671,Z229906960818337583670,2.25,(37.55999999981441|15.317000000010239) (39.042379872772756|15.087762323683426) (38.72087987281708|13.008762323653064) (37.23849999985873|13.237999999979877)
C229906960818337583672,Z229906960818337583670,2.25,(37.23849999985873|13.237999999979877) (35.756120126900385|13.46723767630669) (35.43462012694471|11.38823767627633) (36.916999999903055|11.158999999949517)
C2818594418337583680,Z2818594418337583680,2.25,(30.432000000075732|10.532999999952608) (29.36541212633901|11.587699154971595) (29.986412126135384|12.215699154991869) (31.0529999998721|11.160999999972887)
C2818594414197325870,Z2818594414197325870,2.25,(30.432000000075732|10.532999999952608) (31.93072052845649|10.59494172903796) (31.884720528348048|11.707941729041769) (30.385999999964497|11.645999999956302)
C141973258718594013790,Z141973258718594013790,2.25,(30.385999999964497|11.645999999956302) (28.891769019385976|11.777429740412867) (28.975769019229528|12.732429740417675) (30.46999999980926|12.600999999961005)
C141973259018594013630,Z141973259018594013630,2.25,(31.02899999987585|21.401999999994814) (30.78908956335032|22.882690035905792) (27.571089563346376|22.36129003589493) (27.81099999987191|20.88059999998393)
C141973259018594013631,Z141973259018594013630,2.25,(31.02899999987585|21.401999999994814) (31.26891043640138|19.92130996408384) (28.050910436397444|19.39990996407293) (27.81099999987191|20.88059999998393)
C141973259018594013632,Z141973259018594013630,2.25,(27.81099999987191|20.88059999998393) (27.571089563346376|22.36129003589493) (24.35308956334244|21.839890035884018) (24.59299999986797|20.359199999973043)
C141973259018594013633,Z141973259018594013630,2.25,(27.81099999987191|20.88059999998393) (28.050910436397444|19.39990996407293) (24.8329104363935|18.878509964062065) (24.59299999986797|20.359199999973043)
C141973259018594013634,Z141973259018594013631,2.25,(24.59299999986797|20.359199999973043) (24.35308956334244|21.839890035884018) (21.1350895633385|21.318490035873133) (21.37499999986403|19.837799999962158)
C141973259018594013635,Z141973259018594013631,2.25,(24.59299999986797|20.359199999973043) (24.8329104363935|18.878509964062065) (21.61491043638956|18.35710996405118) (21.37499999986403|19.837799999962158)
C141973259018594013636,Z141973259018594013631,2.25,(21.37499999986403|19.837799999962158) (21.1350895633385|21.318490035873133) (17.917089563334557|20.797090035862272) (18.15699999986009|19.316399999951273)
C141973259018594013637,Z141973259018594013631,2.25,(21.37499999986403|19.837799999962158) (21.61491043638956|18.35710996405118) (18.396910436385625|17.835709964040273) (18.15699999986009|19.316399999951273)
C141973259018594013638,Z141973259018594013632,2.25,(18.15699999986009|19.316399999951273) (17.917089563334557|20.797090035862272) (14.699089563330617|20.275690035851387) (14.93899999985615|18.794999999940387)
C141973259018594013639,Z141973259018594013632,2.25,(18.15699999986009|19.316399999951273) (18.396910436385625|17.835709964040273) (15.178910436381685|17.314309964029388) (14.93899999985615|18.794999999940387)
C141973259014197325940,Z141973259014197325940,2.25,(31.02899999987585|21.401999999994814) (29.52900063620139|21.403398437828365) (29.53100063622476|23.548648437815807) (31.030999999899223|23.547249999982256)
C141973259014197325941,Z141973259014197325940,2.25,(31.02899999987585|21.401999999994814) (32.52899936355031|21.400601562161263) (32.530999363573684|23.545851562148705) (31.030999999899223|23.547249999982256)
C141973259014197325942,Z141973259014197325940,2.25,(31.030999999899223|23.547249999982256) (29.53100063622476|23.548648437815807) (29.533000592645767|25.6938984378439) (31.032999999922595|25.692499999969698)
C141973259014197325943,Z141973259014197325940,2.25,(31.030999999899223|23.547249999982256) (32.530999363573684|23.545851562148705) (32.53299940719561|25.6911015620955) (31.032999999922595|25.692499999969698)
C141973259014197325944,Z141973259014197325941,2.25,(31.032999999922595|25.692499999969698) (29.533000592645767|25.6938984378439) (29.535000636271505|27.83914843779069) (31.034999999945967|27.83774999995714)
C141973259014197325945,Z141973259014197325941,2.25,(31.032999999922595|25.692499999969698) (32.53299940719561|25.6911015620955) (32.53499936362043|27.83635156212359) (31.034999999945967|27.83774999995714)
C141973259018594013790,Z141973259018594013790,2.25,(31.02899999987585|21.401999999994814) (29.532016540866586|21.49708166726929) (29.39226654084994|19.296831667260836) (30.889249999859203|19.20174999998636)
C141973259018594013791,Z141973259018594013790,2.25,(31.02899999987585|21.401999999994814) (32.52598345888517|21.306918332720336) (32.386233458868524|19.106668332711884) (30.889249999859203|19.20174999998636)
C141973259018594013792,Z141973259018594013790,2.25,(30.889249999859203|19.20174999998636) (29.39226654084994|19.296831667260836) (29.25251654082859|17.096581667252682) (30.749499999842556|17.00149999997791)
C141973259018594013793,Z141973259018594013790,2.25,(30.889249999859203|19.20174999998636) (32.386233458868524|19.106668332711884) (32.24648345885652|16.906418332703137) (30.749499999842556|17.00149999997791)
C141973259018594013794,Z141973259018594013791,2.25,(30.749499999842556|17.00149999997791) (29.25251654082859|17.096581667252682) (29.112766540816587|14.896331667243935) (30.609749999825908|14.801249999969457)
C141973259018594013795,Z141973259018594013791,2.25,(30.749499999842556|17.00149999997791) (32.24648345885652|16.906418332703137) (32.10673345883523|14.706168332694979) (30.609749999825908|14.801249999969457)
C141973259418594013710,Z141973259418594013710,2.25,(31.03699999996934|29.98299999994458) (30.78813733685896|31.462211741011252) (27.82213733687248|30.96321174101818) (28.07099999998286|29.48399999995151)
C141973259418594013711,Z141973259418594013710,2.25,(31.03699999996934|29.98299999994458) (31.28586266307972|28.503788258877908) (28.31986266309324|28.00478825888484) (28.07099999998286|29.48399999995151)
C141973259418594013712,Z141973259418594013710,2.25,(28.07099999998286|29.48399999995151) (27.82213733687248|30.96321174101818) (24.856137336885993|30.46421174102517) (25.10499999999638|28.984999999958443)
C141973259418594013713,Z141973259418594013710,2.25,(28.07099999998286|29.48399999995151) (28.31986266309324|28.00478825888484) (25.353862663106767|27.505788258891716) (25.10499999999638|28.984999999958443)
C141973259418594013714,Z141973259418594013711,2.25,(25.10499999999638|28.984999999958443) (24.856137336885993|30.46421174102517) (21.890137336899503|29.965211741032164) (22.1390000000099|28.485999999965372)
C141973259418594013715,Z141973259418594013711,2.25,(25.10499999999638|28.984999999958443) (25.353862663106767|27.505788258891716) (22.3878626631203|27.006788258898585) (22.1390000000099|28.485999999965372)
C141973259418594013716,Z141973259418594013711,2.25,(22.1390000000099|28.485999999965372) (21.890137336899503|29.965211741032164) (18.924137336913038|29.466211741038997) (19.17300000002342|27.9869999999723)
C141973259418594013717,Z141973259418594013711,2.25,(22.1390000000099|28.485999999965372) (22.3878626631203|27.006788258898585) (19.421862663133805|26.507788258905602) (19.17300000002342|27.9869999999723)
C141973259418594013718,Z141973259418594013712,2.25,(19.17300000002342|27.9869999999723) (18.924137336913038|29.466211741038997) (15.958137336926558|28.967211741045933) (16.207000000036942|27.487999999979234)
C141973259418594013719,Z141973259418594013712,2.25,(19.17300000002342|27.9869999999723) (19.421862663133805|26.507788258905602) (16.455862663147325|26.008788258912535) (16.207000000036942|27.487999999979234)
C1419732594185940137110,Z141973259418594013712,2.25,(16.207000000036942|27.487999999979234) (15.958137336926558|28.967211741045933) (12.992137336940079|28.468211741052862) (13.241000000050462|26.988999999986163)
C141973259414197325970,Z141973259414197325970,2.25,(31.03699999996934|29.98299999994458) (32.53061101105134|30.121297315805293) (32.28227767767744|32.80329731581207) (30.788666666599813|32.66499999995176)
C141973259414197325971,Z141973259414197325970,2.25,(31.03699999996934|29.98299999994458) (29.543388988887372|29.844702684083874) (29.295055655522106|32.52670268409145) (30.788666666599813|32.66499999995176)
C141973259414197325972,Z141973259414197325970,2.25,(30.788666666599813|32.66499999995176) (32.28227767767744|32.80329731581207) (32.03394434430792|35.485297315819246) (30.54033333323029|35.34699999995894)
C141973259414197325973,Z141973259414197325970,2.25,(30.788666666599813|32.66499999995176) (29.295055655522106|32.52670268409145) (29.046722322152583|35.208702684098625) (30.54033333323029|35.34699999995894)
C141973259414197325974,Z141973259414197325971,2.25,(30.54033333323029|35.34699999995894) (32.03394434430792|35.485297315819246) (31.785611010947065|38.16729731582723) (30.291999999860764|38.02899999996612)
C141973259414197325975,Z141973259414197325971,2.25,(30.54033333323029|35.34699999995894) (29.046722322152583|35.208702684098625) (28.798388988774384|37.890702684105) (30.291999999860764|38.02899999996612)
C141973259718594013900,Z141973259718594013900,2.25,(30.291999999860764|38.02899999996612) (30.077715787084216|39.513615194605784) (26.971549120415485|39.065281861279296) (27.185833333192022|37.580666666639694)
C141973259718594013901,Z141973259718594013900,2.25,(30.291999999860764|38.02899999996612) (30.50628421263731|36.54438480532645) (27.40011754596856|36.09605147200009) (27.185833333192022|37.580666666639694)
C141973259718594013902,Z141973259718594013900,2.25,(27.185833333192022|37.580666666639694) (26.971549120415485|39.065281861279296) (23.865382453746744|38.61694852795286) (24.07966666652328|37.13233333331326)
C141973259718594013903,Z141973259718594013900,2.25,(27.185833333192022|37.580666666639694) (27.40011754596856|36.09605147200009) (24.293950879299818|35.64771813867366) (24.07966666652328|37.13233333331326)
C141973259718594013904,Z141973259718594013901,2.25,(24.07966666652328|37.13233333331326) (23.865382453746744|38.61694852795286) (20.759215787078013|38.16861519462637) (20.97349999985454|36.68399999998684)
C141973259718594013905,Z141973259718594013901,2.25,(24.07966666652328|37.13233333331326) (24.293950879299818|35.64771813867366) (21.18778421263107|35.1993848053473) (20.97349999985454|36.68399999998684)
C141973259718594013906,Z141973259718594013901,2.25,(20.97349999985454|36.68399999998684) (20.759215787078013|38.16861519462637) (17.65304912040926|37.72028186130001) (17.867333333185798|36.235666666660414)
C141973259718594013907,Z141973259718594013901,2.25,(20.97349999985454|36.68399999998684) (21.18778421263107|35.1993848053473) (18.081617545962335|34.75105147202081) (17.867333333185798|36.235666666660414)
C141973259718594013908,Z141973259718594013902,2.25,(17.867333333185798|36.235666666660414) (17.65304912040926|37.72028186130001) (14.546882453740517|37.271948527973585) (14.761166666517056|35.78733333333398)
C141973259718594013909,Z141973259718594013902,2.25,(17.867333333185798|36.235666666660414) (18.081617545962335|34.75105147202081) (14.975450879293593|34.30271813869439) (14.761166666517056|35.78733333333398)
C1419732597185940139010,Z141973259718594013902,2.25,(14.761166666517056|35.78733333333398) (14.546882453740517|37.271948527973585) (11.440715787071767|36.823615194647225) (11.654999999848314|35.33900000000756)
C1419732597185940139011,Z141973259718594013902,2.25,(14.761166666517056|35.78733333333398) (14.975450879293593|34.30271813869439) (11.869284212624862|33.85438480536789) (11.654999999848314|35.33900000000756)
C185940136318352034930,Z185940136318352034930,2.25,(14.93899999985615|18.794999999940387) (14.709779872158027|20.277382586541446) (11.502113205499223|19.781382586547927) (11.73133333319735|18.298999999946847)
C185940136318352034931,Z185940136318352034930,2.25,(14.93899999985615|18.794999999940387) (15.168220127554275|17.312617413339332) (11.960553460895477|16.81661741334577) (11.73133333319735|18.298999999946847)
C185940136318352034932,Z185940136318352034930,2.25,(11.73133333319735|18.298999999946847) (11.502113205499223|19.781382586547927) (8.294446538840424|19.28538258655439) (8.523666666538551|17.80299999995331)
C185940136318352034933,Z185940136318352034930,2.25,(11.73133333319735|18.298999999946847) (11.960553460895477|16.81661741334577) (8.752886794236678|16.320617413352235) (8.523666666538551|17.80299999995331)
C185940136318352034934,Z185940136318352034931,2.25,(8.523666666538551|17.80299999995331) (8.294446538840424|19.28538258655439) (5.086779872181626|18.78938258656083) (5.31599999987975|17.30699999995977)
C185940136318352034935,Z185940136318352034931,2.25,(8.523666666538551|17.80299999995331) (8.752886794236678|16.320617413352235) (5.545220127577874|15.824617413358714) (5.31599999987975|17.30699999995977)
C185940136318594013840,Z185940136318594013840,2.25,(14.93899999985615|18.794999999940387) (16.39566222477806|19.152959721813907) (16.893162224801273|17.12845972181655) (15.43649999987906|16.770499999942956)
C185940136318594013841,Z185940136318594013840,2.25,(14.93899999985615|18.794999999940387) (13.482337774934226|18.437040278066863) (13.979837774956835|16.412540278069358) (15.43649999987906|16.770499999942956)
C185940136318594013842,Z185940136318594013840,2.25,(15.43649999987906|16.770499999942956) (16.893162224801273|17.12845972181655) (17.390662224824474|15.10395972181919) (15.933999999901971|14.745999999945525)
C185940136318594013843,Z185940136318594013840,2.25,(15.43649999987906|16.770499999942956) (13.979837774956835|16.412540278069358) (14.477337774979476|14.38804027807186) (15.933999999901971|14.745999999945525)
C185940136318594013844,Z185940136318594013841,2.25,(15.933999999901971|14.745999999945525) (17.390662224824474|15.10395972181919) (17.888162224847527|13.079459721821795) (16.43149999992488|12.721499999948094)
C185940136318594013845,Z185940136318594013841,2.25,(15.933999999901971|14.745999999945525) (14.477337774979476|14.38804027807186) (14.974837775002243|12.363540278074394) (16.43149999992488|12.721499999948094)
C185940136318594013710,Z185940136318594013710,2.25,(14.93899999985615|18.794999999940387) (16.407794900531158|19.099370727429626) (15.98329490057929|21.147870727440978) (14.514499999904729|20.84349999995183)
C185940136318594013711,Z185940136318594013710,2.25,(14.93899999985615|18.794999999940387) (13.470205099181161|18.49062927245115) (13.045705099230151|20.53912927246268) (14.514499999904729|20.84349999995183)
C185940136318594013712,Z185940136318594013710,2.25,(14.514499999904729|20.84349999995183) (15.98329490057929|21.147870727440978) (15.558794900627474|23.19637072745234) (14.089999999953307|22.891999999963275)
C185940136318594013713,Z185940136318594013710,2.25,(14.514499999904729|20.84349999995183) (13.045705099230151|20.53912927246268) (12.621205099279157|22.587629272474214) (14.089999999953307|22.891999999963275)
C185940136318594013714,Z185940136318594013711,2.25,(14.089999999953307|22.891999999963275) (15.558794900627474|23.19637072745234) (15.134294900675211|25.24487072746361) (13.665500000001884|24.94049999997472)
C185940136318594013715,Z185940136318594013711,2.25,(14.089999999953307|22.891999999963275) (12.621205099279157|22.587629272474214) (12.19670509932854|24.636129272485825) (13.665500000001884|24.94049999997472)
C185940137118594013900,Z185940137118594013900,2.25,(13.241000000050462|26.988999999986163) (14.714652857076993|27.268905800170113) (14.318152857027467|29.356405800175654) (12.844499999999925|29.076499999991512)
C185940137118594013901,Z185940137118594013900,2.25,(13.241000000050462|26.988999999986163) (11.767347143023931|26.709094199802212) (11.370847142972384|28.79659419980737) (12.844499999999925|29.076499999991512)
C185940137118594013902,Z185940137118594013900,2.25,(12.844499999999925|29.076499999991512) (14.318152857027467|29.356405800175654) (13.92165285697693|31.443905800181003) (12.447999999949388|31.16399999999686)
C185940137118594013903,Z185940137118594013900,2.25,(12.844499999999925|29.076499999991512) (11.370847142972384|28.79659419980737) (10.974347142921864|30.884094199812722) (12.447999999949388|31.16399999999686)
C185940137118594013904,Z185940137118594013901,2.25,(12.447999999949388|31.16399999999686) (13.92165285697693|31.443905800181003) (13.525152856926375|33.53140580018635) (12.051499999898851|33.25150000000221)
C185940137118594013905,Z185940137118594013901,2.25,(12.447999999949388|31.16399999999686) (10.974347142921864|30.884094199812722) (10.577847142871327|32.97159419981807) (12.051499999898851|33.25150000000221)
C185940137918594013840,Z185940137918594013840,2.25,(30.46999999980926|12.600999999961005) (30.261139602557204|14.08638794068885) (27.552939602584907|13.70558794068679) (27.761799999836967|12.220199999958936)
C185940137918594013841,Z185940137918594013840,2.25,(30.46999999980926|12.600999999961005) (30.678860397061317|11.11561205923316) (27.970660397089027|10.734812059231084) (27.761799999836967|12.220199999958936)
C185940137918594013842,Z185940137918594013840,2.25,(27.761799999836967|12.220199999958936) (27.552939602584907|13.70558794068679) (24.844739602612616|13.324787940684713) (25.053599999864673|11.839399999956868)
C185940137918594013843,Z185940137918594013840,2.25,(27.761799999836967|12.220199999958936) (27.970660397089027|10.734812059231084) (25.26246039711673|10.354012059229023) (25.053599999864673|11.839399999956868)
C185940137918594013844,Z185940137918594013841,2.25,(25.053599999864673|11.839399999956868) (24.844739602612616|13.324787940684713) (22.13653960264032|12.94398794068266) (22.34539999989238|11.4585999999548)
C185940137918594013845,Z185940137918594013841,2.25,(25.053599999864673|11.839399999956868) (25.26246039711673|10.354012059229023) (22.55426039714444|9.97321205922694) (22.34539999989238|11.4585999999548)
C185940137918594013846,Z185940137918594013841,2.25,(22.34539999989238|11.4585999999548) (22.13653960264032|12.94398794068266) (19.42833960266803|12.563187940680576) (19.637199999920085|11.077799999952731)
C185940137918594013847,Z185940137918594013841,2.25,(22.34539999989238|11.4585999999548) (22.55426039714444|9.97321205922694) (19.846060397172142|9.592412059224886) (19.637199999920085|11.077799999952731)
C185940138418594013860,Z185940138418594013860,2.25,(16.92899999994779|10.696999999950663) (18.406167995784376|10.957719604268119) (18.882834662479475|8.257052937613032) (17.4056666666426|7.996333333295524)
C185940138418594013861,Z185940138418594013860,2.25,(16.92899999994779|10.696999999950663) (15.451832004111198|10.436280395633204) (15.928498670805714|7.735613728978015) (17.4056666666426|7.996333333295524)
C185940138418594013862,Z185940138418594013860,2.25,(17.4056666666426|7.996333333295524) (18.882834662479475|8.257052937613032) (19.359501329174172|5.5563862709578755) (17.882333333337403|5.295666666640386)
C185940138418594013863,Z185940138418594013860,2.25,(17.4056666666426|7.996333333295524) (15.928498670805714|7.735613728978015) (16.40516533750063|5.034947062322896) (17.882333333337403|5.295666666640386)
C185940138418594013864,Z185940138418594013861,2.25,(17.882333333337403|5.295666666640386) (19.359501329174172|5.5563862709578755) (19.83616799586902|2.855719604302744) (18.35900000003221|2.594999999985248)
C185940138418594013865,Z185940138418594013861,2.25,(17.882333333337403|5.295666666640386) (16.40516533750063|5.034947062322896) (16.881832004195402|2.334280395667752) (18.35900000003221|2.594999999985248)
C2818714518337583560,Z2818714518337583560,2.25,(36.126999999908094|6.119999999967263) (34.640776955954315|6.322832599962107) (34.91877695593418|8.359832599963557) (36.40499999988833|8.156999999968662)
C2818714518337583561,Z2818714518337583560,2.25,(36.126999999908094|6.119999999967263) (37.61322304386187|5.917167399972419) (37.89122304384248|7.954167399973768) (36.40499999988833|8.156999999968662)
C2818714518337583562,Z2818714518337583560,2.25,(36.40499999988833|8.156999999968662) (34.91877695593418|8.359832599963557) (35.19677695591492|10.396832599964887) (36.68299999986857|10.19399999997006)
C183375835618337583670,Z183375835618337583670,2.25,(36.68299999986857|10.19399999997006) (35.22524580663506|10.547486509062468) (35.459245806669614|11.512486509041906) (36.916999999903055|11.158999999949517)
C183375835618337583610,Z183375835618337583610,2.25,(36.68299999986857|10.19399999997006) (37.76873262478527|11.22898051533811) (37.197732624862674|11.827980515374763) (36.11199999994597|10.793000000006714)
C183375836118337583670,Z183375836118337583670,2.25,(36.11199999994597|10.793000000006714) (35.491167785637515|12.158491619049785) (36.2961677855946|12.524491618992588) (36.916999999903055|11.158999999949517)
C183375836118337583680,Z183375836118337583680,2.25,(36.11199999994597|10.793000000006714) (36.22082493733916|12.28904716938386) (33.69132493730222|12.473047169366941) (33.58249999990903|10.9769999999898)
C183375836118337583681,Z183375836118337583680,2.25,(36.11199999994597|10.793000000006714) (36.003175062552785|9.296952830629568) (33.473675062515845|9.480952830612658) (33.58249999990903|10.9769999999898)
C183375836118337583682,Z183375836118337583680,2.25,(33.58249999990903|10.9769999999898) (33.69132493730222|12.473047169366941) (31.16182493726529|12.65704716935004) (31.0529999998721|11.160999999972887)
